 mod L/Lsol Teff t (year) Reff/Rsol k2conv k2rad Mrad/Msol Rrad/Reff
     1       12.710000 4003.0  1.0634596E+03          7.4600   0.18085000   0.00000000  0.0000000  0.0000E+000   0.000000
     2        2.760000 4093.0  6.5387027E+05          3.3200   0.19365000   0.00000000  0.0000000  0.0000E+000   0.000000
     3        1.040000 4033.0  1.3066771E+06          2.1000   0.19888000   0.00000000  0.0000000  0.0000E+000   0.000000
     4        0.710000 4002.0  1.9594839E+06          1.7600   0.20037000   0.00000000  0.0000000  0.0000E+000   0.000000
     5        0.560000 3987.0  2.6122907E+06          1.5800   0.20112000   0.00000000  0.0000000  0.0000E+000   0.000000
     6        0.470000 3977.0  3.2650975E+06          1.4500   0.20160000   0.00000000  0.0000000  0.0000E+000   0.000000
     7        0.410000 3970.0  3.9179043E+06          1.3600   0.20193000   0.00000000  0.0000000  0.0000E+000   0.000000
     8        0.370000 3966.0  4.5707111E+06          1.2800   0.20218000   0.00000000  0.0000000  0.0000E+000   0.000000
     9        0.330000 3963.0  5.2235179E+06          1.2200   0.20236000   0.00000000  0.0000000  0.0000E+000   0.000000
    10        0.300000 3960.0  5.8763247E+06          1.1800   0.20251000   0.00000000  0.0000000  0.0000E+000   0.000000
    11        0.280000 3958.0  6.5291315E+06          1.1300   0.20264000   0.00000000  0.0000000  0.0000E+000   0.000000
    12        0.260000 3956.0  7.1819383E+06          1.1000   0.20272000   0.00002000  0.0063617  1.2160E-001   0.000143
    13        0.250000 3955.0  7.8347452E+06          1.0600   0.20275000   0.00009000  0.0155718  1.6520E-001   0.000549
    14        0.230000 3954.0  8.4875520E+06          1.0300   0.20259000   0.00033000  0.0214204  1.8460E-001   0.000839
    15        0.220000 3953.0  9.1403588E+06          1.0000   0.20226000   0.00072000  0.0276418  2.0180E-001   0.001144
    16        0.210000 3952.0  9.7931656E+06          0.9800   0.20175000   0.00127000  0.0384340  2.2680E-001   0.001781
    17        0.200000 3951.0  1.0445972E+07          0.9500   0.20105000   0.00198000  0.0498500  2.4900E-001   0.002391
    18        0.190000 3951.0  1.1098779E+07          0.9300   0.20019000   0.00281000  0.0611281  2.6810E-001   0.003001
    19        0.180000 3950.0  1.1751586E+07          0.9100   0.19920000   0.00375000  0.0721603  2.8490E-001   0.003533
    20        0.170000 3950.0  1.2404393E+07          0.8900   0.19810000   0.00477000  0.0829455  3.0000E-001   0.003977
    21        0.170000 3950.0  1.3057200E+07          0.8700   0.19688000   0.00587000  0.0939186  3.1420E-001   0.004350
    22        0.160000 3950.0  1.3710006E+07          0.8600   0.19559000   0.00702000  0.1046563  3.2730E-001   0.004798
    23        0.160000 3950.0  1.4362813E+07          0.8400   0.19420000   0.00824000  0.1142225  3.3830E-001   0.004953
    24        0.150000 3951.0  1.5015620E+07          0.8300   0.19276000   0.00948000  0.1240584  3.4920E-001   0.005247
    25        0.150000 3951.0  1.5668427E+07          0.8200   0.19125000   0.01078000  0.1338635  3.5950E-001   0.005490
    26        0.140000 3952.0  1.6321234E+07          0.8100   0.18970000   0.01208000  0.1433512  3.6920E-001   0.005681
    27        0.140000 3952.0  1.6974040E+07          0.8000   0.18809000   0.01342000  0.1521613  3.7780E-001   0.005802
    28        0.140000 3953.0  1.7626847E+07          0.7900   0.18646000   0.01476000  0.1612027  3.8650E-001   0.005902
    29        0.130000 3954.0  1.8279654E+07          0.7800   0.18477000   0.01613000  0.1696856  3.9430E-001   0.005944
    30        0.130000 3954.0  1.8932461E+07          0.7700   0.18307000   0.01750000  0.1775771  4.0150E-001   0.005946
    31        0.130000 3955.0  1.9585268E+07          0.7600   0.18135000   0.01887000  0.1861600  4.0900E-001   0.005936
    32        0.120000 3956.0  2.0238075E+07          0.7500   0.17960000   0.02025000  0.1935899  4.1550E-001   0.005880
    33        0.120000 3957.0  2.0890881E+07          0.7400   0.17783000   0.02163000  0.2016310  4.2230E-001   0.005815
    34        0.120000 3958.0  2.1543688E+07          0.7300   0.17606000   0.02300000  0.2091017  4.2850E-001   0.005720
    35        0.120000 3960.0  2.2196495E+07          0.7300   0.17427000   0.02437000  0.2160245  4.3420E-001   0.005840
    36        0.110000 3961.0  2.2849302E+07          0.7200   0.17246000   0.02573000  0.2235948  4.4030E-001   0.005718
    37        0.110000 3962.0  2.3502109E+07          0.7100   0.17065000   0.02709000  0.2305476  4.4580E-001   0.005575
    38        0.110000 3963.0  2.4154915E+07          0.7100   0.16884000   0.02844000  0.2369925  4.5090E-001   0.005654
    39        0.110000 3965.0  2.4807722E+07          0.7000   0.16703000   0.02978000  0.2439745  4.5620E-001   0.005489
    40        0.110000 3966.0  2.5460529E+07          0.7000   0.16521000   0.03110000  0.2504194  4.6120E-001   0.005551
    41        0.110000 3968.0  2.6113336E+07          0.6900   0.16339000   0.03242000  0.2568537  4.6600E-001   0.005366
    42        0.110000 3969.0  2.6766143E+07          0.6900   0.16156000   0.03373000  0.2627221  4.7040E-001   0.005406
    43        0.100000 3971.0  2.7418949E+07          0.6800   0.15974000   0.03501000  0.2691549  4.7520E-001   0.005212
    44        0.100000 3972.0  2.8071756E+07          0.6800   0.15792000   0.03629000  0.2750233  4.7950E-001   0.005239
    45        0.100000 3974.0  2.8724563E+07          0.6700   0.15610000   0.03755000  0.2808917  4.8370E-001   0.005032
    46        0.100000 3976.0  2.9377370E+07          0.6700   0.15430000   0.03879000  0.2861583  4.8750E-001   0.005046
    47        0.100000 3978.0  3.0030177E+07          0.6600   0.15249000   0.04003000  0.2920267  4.9170E-001   0.004835
    48        0.100000 3979.0  3.0682983E+07          0.6600   0.15069000   0.04125000  0.2973002  4.9550E-001   0.004843
    49        0.100000 3981.0  3.1335790E+07          0.6600   0.14889000   0.04244000  0.3025285  4.9910E-001   0.004843
    50        0.100000 3983.0  3.1988597E+07          0.6500   0.14715000   0.04361000  0.3076466  5.0270E-001   0.004626
    51        0.100000 3985.0  3.2641404E+07          0.6500   0.14542000   0.04475000  0.3127648  5.0630E-001   0.004622
    52        0.090000 3987.0  3.3294211E+07          0.6500   0.14369000   0.04586000  0.3178279  5.0980E-001   0.004614
    53        0.090000 3989.0  3.3947017E+07          0.6400   0.14197000   0.04697000  0.3229461  5.1330E-001   0.004393
    54        0.090000 3991.0  3.4599824E+07          0.6400   0.14025000   0.04806000  0.3274039  5.1640E-001   0.004382
    55        0.090000 3993.0  3.5252631E+07          0.6400   0.13855000   0.04915000  0.3319167  5.1950E-001   0.004368
    56        0.090000 3995.0  3.5905438E+07          0.6300   0.13685000   0.05021000  0.3369248  5.2290E-001   0.004149
    57        0.090000 3997.0  3.6558245E+07          0.6300   0.13518000   0.05123000  0.3413275  5.2580E-001   0.004130
    58        0.090000 4000.0  3.7211052E+07          0.6300   0.13349000   0.05227000  0.3457852  5.2880E-001   0.004109
    59        0.090000 4002.0  3.7863858E+07          0.6300   0.13183000   0.05328000  0.3501332  5.3170E-001   0.004087
    60        0.090000 4004.0  3.8516665E+07          0.6200   0.13018000   0.05427000  0.3539582  5.3430E-001   0.003876
    61        0.090000 4007.0  3.9169472E+07          0.6200   0.12854000   0.05524000  0.3583048  5.3720E-001   0.003851
    62        0.090000 4009.0  3.9822279E+07          0.6200   0.12691000   0.05620000  0.3626241  5.4010E-001   0.003826
    63        0.090000 4011.0  4.0475086E+07          0.6200   0.12530000   0.05713000  0.3663674  5.4260E-001   0.003801
    64        0.090000 4014.0  4.1127892E+07          0.6100   0.12370000   0.05805000  0.3706345  5.4540E-001   0.003592
    65        0.090000 4016.0  4.1780699E+07          0.6100   0.12210000   0.05896000  0.3743071  5.4780E-001   0.003566
    66        0.090000 4019.0  4.2433506E+07          0.6100   0.12053000   0.05985000  0.3779523  5.5030E-001   0.003541
    67        0.090000 4021.0  4.3086313E+07          0.6100   0.11896000   0.06072000  0.3820980  5.5300E-001   0.003509
    68        0.090000 4023.0  4.3739120E+07          0.6100   0.11741000   0.06156000  0.3856538  5.5530E-001   0.003480
    69        0.090000 4026.0  4.4391926E+07          0.6000   0.11587000   0.06241000  0.3892080  5.5770E-001   0.003285
    70        0.090000 4029.0  4.5044733E+07          0.6000   0.11434000   0.06323000  0.3927257  5.6000E-001   0.003256
    71        0.090000 4032.0  4.5697540E+07          0.6000   0.11283000   0.06403000  0.3962047  5.6230E-001   0.003226
    72        0.090000 4034.0  4.6350347E+07          0.6000   0.11134000   0.06481000  0.3996267  5.6450E-001   0.003196
    73        0.090000 4037.0  4.7003154E+07          0.6000   0.10986000   0.06557000  0.4029987  5.6670E-001   0.003165
    74        0.080000 4040.0  4.7655960E+07          0.6000   0.10839000   0.06633000  0.4063589  5.6900E-001   0.003135
    75        0.080000 4043.0  4.8308767E+07          0.5900   0.10694000   0.06705000  0.4096345  5.7110E-001   0.002950
    76        0.080000 4045.0  4.8961574E+07          0.5900   0.10556000   0.06774000  0.4127681  5.7320E-001   0.002921
    77        0.080000 4048.0  4.9614381E+07          0.5900   0.10421000   0.06841000  0.4158002  5.7520E-001   0.002892
    78        0.080000 4051.0  5.0267188E+07          0.5900   0.10284000   0.06908000  0.4188947  5.7720E-001   0.002861
    79        0.080000 4054.0  5.0919994E+07          0.5900   0.10145000   0.06974000  0.4220116  5.7930E-001   0.002831
    80        0.080000 4057.0  5.1572801E+07          0.5900   0.10007000   0.07040000  0.4246452  5.8100E-001   0.002803
    81        0.080000 4060.0  5.2225608E+07          0.5900   0.09870000   0.07104000  0.4276603  5.8300E-001   0.002772
    82        0.080000 4063.0  5.2878415E+07          0.5900   0.09736000   0.07166000  0.4306098  5.8500E-001   0.002740
    83        0.080000 4065.0  5.3531222E+07          0.5800   0.09603000   0.07226000  0.4335034  5.8690E-001   0.002573
    84        0.080000 4068.0  5.4184029E+07          0.5800   0.09473000   0.07285000  0.4363622  5.8880E-001   0.002543
    85        0.080000 4072.0  5.4836835E+07          0.5800   0.09344000   0.07341000  0.4387206  5.9040E-001   0.002518
    86        0.080000 4075.0  5.5489642E+07          0.5800   0.09215000   0.07397000  0.4414946  5.9220E-001   0.002487
    87        0.080000 4078.0  5.6142449E+07          0.5800   0.09086000   0.07452000  0.4442317  5.9410E-001   0.002458
    88        0.080000 4081.0  5.6795256E+07          0.5800   0.08958000   0.07508000  0.4469558  5.9590E-001   0.002427
    89        0.080000 4084.0  5.7448063E+07          0.5800   0.08833000   0.07559000  0.4495314  5.9760E-001   0.002397
    90        0.080000 4087.0  5.8100869E+07          0.5800   0.08709000   0.07611000  0.4521069  5.9940E-001   0.002368
    91        0.080000 4091.0  5.8753676E+07          0.5800   0.08588000   0.07660000  0.4545834  6.0110E-001   0.002339
    92        0.080000 4094.0  5.9406483E+07          0.5800   0.08469000   0.07708000  0.4570104  6.0270E-001   0.002309
    93        0.080000 4097.0  6.0059290E+07          0.5800   0.08351000   0.07755000  0.4593878  6.0440E-001   0.002281
    94        0.080000 4100.0  6.0712097E+07          0.5700   0.08234000   0.07800000  0.4616662  6.0600E-001   0.002139
    95        0.080000 4104.0  6.1364903E+07          0.5700   0.08120000   0.07844000  0.4639445  6.0760E-001   0.002112
    96        0.080000 4107.0  6.2017710E+07          0.5700   0.08008000   0.07885000  0.4660743  6.0900E-001   0.002087
    97        0.080000 4110.0  6.2670517E+07          0.5700   0.07897000   0.07928000  0.4682041  6.1050E-001   0.002061
    98        0.080000 4114.0  6.3323324E+07          0.5700   0.07790000   0.07967000  0.4705320  6.1220E-001   0.002034
    99        0.080000 4117.0  6.3976131E+07          0.5700   0.07683000   0.08006000  0.4725132  6.1360E-001   0.002009
   100        0.080000 4120.0  6.4628937E+07          0.5700   0.07579000   0.08042000  0.4743953  6.1490E-001   0.001986
   101        0.080000 4123.0  6.5281744E+07          0.5700   0.07478000   0.08078000  0.4765251  6.1650E-001   0.001960
   102        0.080000 4127.0  6.5934551E+07          0.5700   0.07376000   0.08114000  0.4785310  6.1790E-001   0.001934
   103        0.080000 4130.0  6.6587358E+07          0.5700   0.07277000   0.08147000  0.4802893  6.1920E-001   0.001912
   104        0.080000 4133.0  6.7240165E+07          0.5700   0.07181000   0.08179000  0.4821714  6.2050E-001   0.001888
   105        0.080000 4137.0  6.7892971E+07          0.5700   0.07086000   0.08211000  0.4840040  6.2190E-001   0.001865
   106        0.080000 4140.0  6.8545778E+07          0.5700   0.06993000   0.08242000  0.4857376  6.2320E-001   0.001842
   107        0.080000 4143.0  6.9198585E+07          0.5700   0.06903000   0.08271000  0.4874092  6.2440E-001   0.001820
   108        0.080000 4146.0  6.9851392E+07          0.5700   0.06814000   0.08300000  0.4892047  6.2580E-001   0.001797
   109        0.080000 4149.0  7.0504199E+07          0.5700   0.06728000   0.08328000  0.4907401  6.2700E-001   0.001777
   110        0.090000 4153.0  7.1157006E+07          0.5600   0.06643000   0.08355000  0.4923746  6.2820E-001   0.001664
   111        0.090000 4156.0  7.1809812E+07          0.5600   0.06562000   0.08380000  0.4939100  6.2940E-001   0.001645
   112        0.090000 4159.0  7.2462619E+07          0.5600   0.06482000   0.08405000  0.4953463  6.3050E-001   0.001626
   113        0.090000 4161.0  7.3115426E+07          0.5600   0.06405000   0.08430000  0.4968818  6.3170E-001   0.001607
   114        0.090000 4164.0  7.3768233E+07          0.5600   0.06329000   0.08454000  0.4982067  6.3280E-001   0.001590
   115        0.090000 4167.0  7.4421040E+07          0.5600   0.06257000   0.08476000  0.4995564  6.3390E-001   0.001572
   116        0.090000 4170.0  7.5073846E+07          0.5600   0.06184000   0.08500000  0.5009525  6.3500E-001   0.001554
   117        0.090000 4173.0  7.5726653E+07          0.5600   0.06115000   0.08521000  0.5021690  6.3600E-001   0.001538
   118        0.090000 4176.0  7.6379460E+07          0.5600   0.06048000   0.08543000  0.5033980  6.3700E-001   0.001522
   119        0.090000 4178.0  7.7032267E+07          0.5600   0.05984000   0.08563000  0.5046393  6.3810E-001   0.001506
   120        0.090000 4181.0  7.7685074E+07          0.5600   0.05921000   0.08584000  0.5057847  6.3900E-001   0.001491
   121        0.090000 4183.0  7.8337880E+07          0.5600   0.05861000   0.08604000  0.5068713  6.4000E-001   0.001476
   122        0.090000 4186.0  7.8990687E+07          0.5600   0.05803000   0.08623000  0.5079497  6.4090E-001   0.001462
   123        0.090000 4188.0  7.9643494E+07          0.5600   0.05748000   0.08642000  0.5090165  6.4190E-001   0.001448
   124        0.090000 4190.0  8.0296301E+07          0.5600   0.05693000   0.08663000  0.5099700  6.4280E-001   0.001435
   125        0.090000 4192.0  8.0949108E+07          0.5600   0.05641000   0.08681000  0.5109048  6.4360E-001   0.001423
   126        0.090000 4194.0  8.1601914E+07          0.5600   0.05592000   0.08700000  0.5118047  6.4450E-001   0.001411
   127        0.090000 4196.0  8.2254721E+07          0.5600   0.05545000   0.08719000  0.5126647  6.4530E-001   0.001399
   128        0.090000 4198.0  8.2907528E+07          0.5600   0.05500000   0.08737000  0.5134617  6.4610E-001   0.001388
   129        0.090000 4200.0  8.3560335E+07          0.5600   0.05458000   0.08756000  0.5142421  6.4690E-001   0.001378
   130        0.090000 4202.0  8.4213142E+07          0.5600   0.05417000   0.08774000  0.5149797  6.4760E-001   0.001368
   131        0.090000 4203.0  8.4865948E+07          0.5500   0.05380000   0.08793000  0.5157072  6.4840E-001   0.001287
   132        0.090000 4204.0  8.5518755E+07          0.5500   0.05344000   0.08812000  0.5163594  6.4910E-001   0.001279
   133        0.090000 4206.0  8.6171562E+07          0.5500   0.05310000   0.08831000  0.5169719  6.4980E-001   0.001271
   134        0.090000 4207.0  8.6824369E+07          0.5500   0.05279000   0.08849000  0.5175558  6.5050E-001   0.001264
   135        0.090000 4208.0  8.7477176E+07          0.5500   0.05251000   0.08868000  0.5180716  6.5110E-001   0.001257
   136        0.090000 4208.0  8.8129983E+07          0.5500   0.05223000   0.08887000  0.5185814  6.5170E-001   0.001251
   137        0.090000 4209.0  8.8782789E+07          0.5500   0.05199000   0.08907000  0.5190520  6.5230E-001   0.001245
   138        0.090000 4210.0  8.9435596E+07          0.5500   0.05176000   0.08926000  0.5194865  6.5290E-001   0.001239
   139        0.090000 4210.0  9.0088403E+07          0.5500   0.05156000   0.08945000  0.5198544  6.5340E-001   0.001235
   140        0.090000 4210.0  9.0741210E+07          0.5500   0.05139000   0.08964000  0.5202101  6.5400E-001   0.001231
   141        0.080000 4211.0  9.1394017E+07          0.5500   0.05122000   0.08984000  0.5205337  6.5450E-001   0.001227
   142        0.080000 4211.0  9.2046823E+07          0.5500   0.05109000   0.09002000  0.5207905  6.5490E-001   0.001224
   143        0.080000 4211.0  9.2699630E+07          0.5500   0.05097000   0.09022000  0.5210486  6.5540E-001   0.001221
   144        0.080000 4210.0  9.3352437E+07          0.5500   0.05088000   0.09042000  0.5212677  6.5590E-001   0.001219
   145        0.080000 4210.0  9.4005244E+07          0.5500   0.05079000   0.09062000  0.5214270  6.5630E-001   0.001217
   146        0.080000 4210.0  9.4658051E+07          0.5500   0.05073000   0.09081000  0.5215721  6.5670E-001   0.001216
   147        0.080000 4209.0  9.5310857E+07          0.5400   0.05069000   0.09101000  0.5216836  6.5700E-001   0.001149
   148        0.080000 4208.0  9.5963664E+07          0.5400   0.05067000   0.09121000  0.5217904  6.5740E-001   0.001149
   149        0.080000 4208.0  9.6616471E+07          0.5400   0.05066000   0.09139000  0.5218172  6.5770E-001   0.001149
   150        0.080000 4207.0  9.7269278E+07          0.5400   0.05068000   0.09157000  0.5218375  6.5800E-001   0.001149
   152        0.080000 4205.0  9.8574891E+07          0.5400   0.05074000   0.09194000  0.5218009  6.5850E-001   0.001151
   153        0.080000 4204.0  9.9227698E+07          0.5400   0.05082000   0.09211000  0.5217466  6.5880E-001   0.001152
   154        0.080000 4203.0  9.9880505E+07          0.5400   0.05088000   0.09229000  0.5216679  6.5900E-001   0.001154
   155        0.080000 4201.0  1.0053331E+08          0.5400   0.05097000   0.09246000  0.5215630  6.5920E-001   0.001156
   156        0.080000 4200.0  1.0118612E+08          0.5400   0.05107000   0.09263000  0.5214341  6.5940E-001   0.001158
   157        0.080000 4199.0  1.0183893E+08          0.5400   0.05117000   0.09279000  0.5212918  6.5950E-001   0.001160
   158        0.080000 4198.0  1.0249173E+08          0.5400   0.05128000   0.09294000  0.5211326  6.5960E-001   0.001163
   159        0.080000 4196.0  1.0314454E+08          0.5400   0.05141000   0.09308000  0.5209782  6.5980E-001   0.001165
   161        0.080000 4193.0  1.0445015E+08          0.5400   0.05168000   0.09335000  0.5205733  6.5990E-001   0.001172
   162        0.080000 4192.0  1.0510296E+08          0.5400   0.05183000   0.09347000  0.5203613  6.6000E-001   0.001175
   164        0.080000 4189.0  1.0640857E+08          0.5300   0.05214000   0.09371000  0.5198954  6.6010E-001   0.001118
   168        0.080000 4183.0  1.0901980E+08          0.5300   0.05285000   0.09411000  0.5188116  6.6000E-001   0.001133
   171        0.080000 4179.0  1.1097822E+08          0.5300   0.05342000   0.09437000  0.5179258  6.5990E-001   0.001145
   172        0.080000 4177.0  1.1163103E+08          0.5300   0.05362000   0.09443000  0.5176018  6.5980E-001   0.001149
   173        0.080000 4176.0  1.1228383E+08          0.5300   0.05382000   0.09450000  0.5172839  6.5970E-001   0.001153
   174        0.080000 4175.0  1.1293664E+08          0.5300   0.05403000   0.09456000  0.5169507  6.5960E-001   0.001158
   175        0.080000 4173.0  1.1358945E+08          0.5300   0.05423000   0.09462000  0.5166181  6.5950E-001   0.001162
   176        0.080000 4172.0  1.1424225E+08          0.5300   0.05443000   0.09467000  0.5162856  6.5940E-001   0.001167
   177        0.080000 4170.0  1.1489506E+08          0.5300   0.05463000   0.09471000  0.5159458  6.5920E-001   0.001171
   178        0.080000 4169.0  1.1554787E+08          0.5300   0.05485000   0.09474000  0.5156235  6.5910E-001   0.001175
   179        0.080000 4168.0  1.1620068E+08          0.5300   0.05505000   0.09478000  0.5152768  6.5900E-001   0.001180
   180        0.080000 4167.0  1.1685348E+08          0.5300   0.05526000   0.09480000  0.5149469  6.5880E-001   0.001184
   181        0.070000 4165.0  1.1750629E+08          0.5300   0.05546000   0.09482000  0.5146148  6.5870E-001   0.001189
   182        0.070000 4164.0  1.1815910E+08          0.5300   0.05566000   0.09484000  0.5142908  6.5850E-001   0.001193
   183        0.070000 4163.0  1.1881190E+08          0.5300   0.05585000   0.09486000  0.5139488  6.5840E-001   0.001197
   184        0.070000 4162.0  1.1946471E+08          0.5300   0.05606000   0.09485000  0.5136155  6.5820E-001   0.001202
   185        0.070000 4161.0  1.2011752E+08          0.5300   0.05625000   0.09487000  0.5133145  6.5800E-001   0.001205
   186        0.070000 4160.0  1.2077032E+08          0.5300   0.05645000   0.09487000  0.5129758  6.5780E-001   0.001210
   187        0.070000 4158.0  1.2142313E+08          0.5300   0.05663000   0.09486000  0.5126743  6.5770E-001   0.001167
   188        0.070000 4157.0  1.2207594E+08          0.5200   0.05682000   0.09485000  0.5123465  6.5750E-001   0.001150
   189        0.070000 4156.0  1.2272874E+08          0.5200   0.05701000   0.09484000  0.5120365  6.5730E-001   0.001154
   190        0.070000 4156.0  1.2338155E+08          0.5200   0.05718000   0.09484000  0.5117374  6.5710E-001   0.001157
   191        0.070000 4155.0  1.2403436E+08          0.5200   0.05736000   0.09481000  0.5114522  6.5690E-001   0.001161
   192        0.070000 4154.0  1.2468716E+08          0.5200   0.05753000   0.09480000  0.5111622  6.5680E-001   0.001164
   193        0.070000 4153.0  1.2533997E+08          0.5200   0.05769000   0.09478000  0.5108846  6.5660E-001   0.001168
   194        0.070000 4152.0  1.2599278E+08          0.5200   0.05784000   0.09476000  0.5105980  6.5640E-001   0.001171
   195        0.070000 4151.0  1.2664558E+08          0.5200   0.05800000   0.09474000  0.5103575  6.5620E-001   0.001174
   196        0.070000 4151.0  1.2729839E+08          0.5200   0.05816000   0.09471000  0.5100870  6.5600E-001   0.001177
   197        0.070000 4150.0  1.2795120E+08          0.5200   0.05829000   0.09469000  0.5098228  6.5580E-001   0.001180
   198        0.070000 4149.0  1.2860400E+08          0.5200   0.05844000   0.09465000  0.5095869  6.5570E-001   0.001183
   199        0.070000 4149.0  1.2925681E+08          0.5200   0.05857000   0.09463000  0.5093609  6.5550E-001   0.001185
   200        0.070000 4148.0  1.2990962E+08          0.5200   0.05870000   0.09460000  0.5091260  6.5530E-001   0.001188
   201        0.070000 4148.0  1.3056243E+08          0.5200   0.05883000   0.09456000  0.5089141  6.5520E-001   0.001191
   202        0.070000 4147.0  1.3121523E+08          0.5200   0.05895000   0.09453000  0.5087040  6.5500E-001   0.001193
   203        0.070000 4147.0  1.3186804E+08          0.5200   0.05907000   0.09450000  0.5084920  6.5490E-001   0.001195
   204        0.070000 4146.0  1.3252085E+08          0.5200   0.05918000   0.09446000  0.5082941  6.5470E-001   0.001198
   205        0.070000 4146.0  1.3317365E+08          0.5200   0.05928000   0.09444000  0.5081083  6.5450E-001   0.001200
   206        0.070000 4145.0  1.3382646E+08          0.5200   0.05938000   0.09440000  0.5079417  6.5440E-001   0.001202
   207        0.070000 4145.0  1.3447927E+08          0.5200   0.05948000   0.09437000  0.5077599  6.5430E-001   0.001204
   208        0.070000 4145.0  1.3513207E+08          0.5200   0.05958000   0.09433000  0.5075994  6.5410E-001   0.001205
   209        0.070000 4144.0  1.3578488E+08          0.5200   0.05966000   0.09431000  0.5074405  6.5400E-001   0.001207
   210        0.070000 4144.0  1.3643769E+08          0.5200   0.05975000   0.09427000  0.5072978  6.5390E-001   0.001209
   211        0.070000 4144.0  1.3709049E+08          0.5200   0.05982000   0.09425000  0.5071501  6.5370E-001   0.001211
   212        0.070000 4143.0  1.3774330E+08          0.5200   0.05989000   0.09421000  0.5070099  6.5360E-001   0.001212
   213        0.070000 4143.0  1.3839611E+08          0.5200   0.05996000   0.09419000  0.5068846  6.5350E-001   0.001214
   214        0.070000 4143.0  1.3904891E+08          0.5200   0.06003000   0.09416000  0.5067602  6.5340E-001   0.001215
   215        0.070000 4143.0  1.3970172E+08          0.5200   0.06009000   0.09413000  0.5066452  6.5330E-001   0.001216
   216        0.070000 4142.0  1.4035453E+08          0.5200   0.06016000   0.09410000  0.5065377  6.5320E-001   0.001217
   217        0.070000 4142.0  1.4100733E+08          0.5200   0.06021000   0.09407000  0.5064338  6.5310E-001   0.001219
   218        0.070000 4142.0  1.4166014E+08          0.5200   0.06026000   0.09404000  0.5063332  6.5300E-001   0.001220
   219        0.070000 4142.0  1.4231295E+08          0.5200   0.06031000   0.09402000  0.5062553  6.5290E-001   0.001220
   220        0.070000 4142.0  1.4296575E+08          0.5200   0.06036000   0.09399000  0.5061741  6.5280E-001   0.001221
   221        0.070000 4142.0  1.4361856E+08          0.5200   0.06040000   0.09396000  0.5060767  6.5270E-001   0.001222
   223        0.070000 4141.0  1.4492417E+08          0.5200   0.06048000   0.09392000  0.5059290  6.5260E-001   0.001224
   224        0.070000 4141.0  1.4557698E+08          0.5200   0.06053000   0.09389000  0.5058625  6.5250E-001   0.001225
   225        0.070000 4141.0  1.4622979E+08          0.5200   0.06056000   0.09387000  0.5058170  6.5240E-001   0.001225
   226        0.070000 4141.0  1.4688260E+08          0.5200   0.06059000   0.09385000  0.5057363  6.5230E-001   0.001226
   228        0.070000 4141.0  1.4818821E+08          0.5200   0.06065000   0.09380000  0.5056342  6.5220E-001   0.001227
   230        0.070000 4141.0  1.4949382E+08          0.5200   0.06070000   0.09377000  0.5055267  6.5210E-001   0.001228
   231        0.070000 4141.0  1.5014663E+08          0.5200   0.06072000   0.09375000  0.5054825  6.5200E-001   0.001229
   234        0.070000 4141.0  1.5210505E+08          0.5200   0.06079000   0.09368000  0.5053688  6.5190E-001   0.001230
   236        0.070000 4141.0  1.5341066E+08          0.5200   0.06081000   0.09367000  0.5053208  6.5180E-001   0.001230
   238        0.070000 4141.0  1.5471628E+08          0.5200   0.06084000   0.09364000  0.5052446  6.5170E-001   0.001231
   241        0.070000 4141.0  1.5667470E+08          0.5200   0.06088000   0.09360000  0.5051871  6.5160E-001   0.001232
   244        0.070000 4141.0  1.5863312E+08          0.5200   0.06091000   0.09357000  0.5051039  6.5150E-001   0.001232
   247        0.070000 4141.0  1.6059154E+08          0.5200   0.06093000   0.09353000  0.5050522  6.5140E-001   0.001233
   251        0.070000 4141.0  1.6320277E+08          0.5200   0.06096000   0.09350000  0.5049867  6.5130E-001   0.001234
   256        0.070000 4141.0  1.6646680E+08          0.5200   0.06100000   0.09346000  0.5049142  6.5120E-001   0.001234
   261        0.070000 4141.0  1.6973083E+08          0.5300   0.06104000   0.09342000  0.5048436  6.5110E-001   0.001308
   267        0.070000 4141.0  1.7364767E+08          0.5300   0.06108000   0.09339000  0.5047614  6.5100E-001   0.001308
   273        0.070000 4140.0  1.7756452E+08          0.5300   0.06112000   0.09336000  0.5046836  6.5090E-001   0.001309
   279        0.070000 4140.0  1.8148136E+08          0.5300   0.06118000   0.09333000  0.5045844  6.5080E-001   0.001310
   285        0.070000 4140.0  1.8539820E+08          0.5300   0.06124000   0.09330000  0.5044456  6.5070E-001   0.001312
   289        0.070000 4140.0  1.8800942E+08          0.5300   0.06128000   0.09328000  0.5043529  6.5060E-001   0.001313
   292        0.070000 4140.0  1.8996784E+08          0.5300   0.06130000   0.09326000  0.5042896  6.5050E-001   0.001314
   301        0.070000 4140.0  1.9584311E+08          0.5300   0.06138000   0.09321000  0.5041379  6.5040E-001   0.001316
   307        0.070000 4140.0  1.9975995E+08          0.5300   0.06142000   0.09319000  0.5040620  6.5030E-001   0.001316
   314        0.070000 4140.0  2.0432959E+08          0.5300   0.06147000   0.09317000  0.5039511  6.5020E-001   0.001318
   324        0.070000 4139.0  2.1085766E+08          0.5300   0.06152000   0.09313000  0.5038142  6.5010E-001   0.001319
   336        0.070000 4139.0  2.1869134E+08          0.5300   0.06160000   0.09310000  0.5036945  6.5000E-001   0.001321
   350        0.070000 4139.0  2.2783064E+08          0.5300   0.06168000   0.09307000  0.5034919  6.4980E-001   0.001323
   369        0.070000 4139.0  2.4023397E+08          0.5300   0.06178000   0.09303000  0.5032474  6.4960E-001   0.001326
   392        0.070000 4138.0  2.5524853E+08          0.5300   0.06192000   0.09297000  0.5029541  6.4930E-001   0.001329
   421        0.070000 4138.0  2.7417992E+08          0.5300   0.06208000   0.09290000  0.5026334  6.4900E-001   0.001333
   457        0.070000 4137.0  2.9768097E+08          0.5300   0.06224000   0.09283000  0.5022991  6.4870E-001   0.001337
   502        0.070000 4130.0  9.5729264E+08          0.5300   0.06461000   0.09159000  0.4981123  6.4470E-001   0.001384
   503        0.070000 4130.0  1.5676036E+09          0.5300   0.06497000   0.09109000  0.4974340  6.4360E-001   0.001390
   504        0.080000 4132.0  2.1921228E+09          0.5400   0.06493000   0.09076000  0.4973900  6.4300E-001   0.001469
   505        0.080000 4133.0  2.8249397E+09          0.5400   0.06477000   0.09048000  0.4975798  6.4270E-001   0.001465
   506        0.080000 4135.0  3.4633110E+09          0.5400   0.06455000   0.09023000  0.4978959  6.4250E-001   0.001460
   507        0.080000 4138.0  4.1053286E+09          0.5400   0.06429000   0.09000000  0.4982870  6.4230E-001   0.001454
   508        0.080000 4140.0  4.7511879E+09          0.5400   0.06399000   0.08979000  0.4987128  6.4220E-001   0.001448
   509        0.080000 4142.0  5.3987052E+09          0.5400   0.06370000   0.08959000  0.4991841  6.4210E-001   0.001441
   510        0.080000 4144.0  6.0490535E+09          0.5400   0.06338000   0.08938000  0.4996554  6.4200E-001   0.001434
   511        0.080000 4147.0  6.7010405E+09          0.5400   0.06307000   0.08917000  0.5001225  6.4190E-001   0.001427
   514        0.080000 4154.0  8.6658912E+09          0.5500   0.06209000   0.08857000  0.5016676  6.4180E-001   0.001483
   516        0.080000 4159.0  9.9830958E+09          0.5500   0.06141000   0.08816000  0.5027077  6.4170E-001   0.001467
   519        0.080000 4167.0  1.1967986E+10          0.5500   0.06039000   0.08753000  0.5042802  6.4160E-001   0.001443
   523        0.090000 4177.0  1.4631370E+10          0.5600   0.05902000   0.08666000  0.5064208  6.4150E-001   0.001488
   524        0.090000 4180.0  1.5300007E+10          0.5600   0.05869000   0.08643000  0.5069536  6.4140E-001   0.001480
   525        0.090000 4183.0  1.5970492E+10          0.5600   0.05835000   0.08619000  0.5074796  6.4130E-001   0.001471
   527        0.090000 4189.0  1.7315485E+10          0.5600   0.05767000   0.08571000  0.5085501  6.4120E-001   0.001453
   528        0.090000 4191.0  1.7990596E+10          0.5700   0.05731000   0.08548000  0.5090779  6.4110E-001   0.001523
   531        0.090000 4200.0  2.0031018E+10          0.5700   0.05627000   0.08472000  0.5106827  6.4090E-001   0.001495
   533        0.090000 4207.0  2.1403666E+10          0.5700   0.05557000   0.08418000  0.5117327  6.4070E-001   0.001477
