 mod L/Lsol Teff t (year) Reff/Rsol k2conv k2rad Mrad/Msol Rrad/Reff
     1       22.160000 4188.0  1.4884355E+03          8.9900   0.18565000   0.00000000  0.0000000  0.0000E+000   0.000000
     2        7.730000 4337.0  3.3364374E+05          4.9500   0.19344000   0.00000000  0.0000000  0.0000E+000   0.000000
     3        3.440000 4376.0  6.6579904E+05          3.2400   0.19764000   0.00000000  0.0000000  0.0000E+000   0.000000
     4        2.300000 4365.0  9.9795434E+05          2.6600   0.19930000   0.00000000  0.0000000  0.0000E+000   0.000000
     5        1.780000 4348.0  1.3301096E+06          2.3500   0.20021000   0.00000000  0.0000000  0.0000E+000   0.000000
     6        1.470000 4332.0  1.6622649E+06          2.1600   0.20079000   0.00000000  0.0000000  0.0000E+000   0.000000
     7        1.260000 4316.0  1.9944202E+06          2.0100   0.20121000   0.00000000  0.0000000  0.0000E+000   0.000000
     8        1.110000 4302.0  2.3265756E+06          1.9000   0.20150000   0.00000000  0.0000000  0.0000E+000   0.000000
     9        1.000000 4291.0  2.6587309E+06          1.8100   0.20173000   0.00002000  0.0113255  1.2860E-001   0.000557
    10        0.910000 4280.0  2.9908862E+06          1.7400   0.20181000   0.00013000  0.0251322  1.6910E-001   0.001810
    11        0.830000 4270.0  3.3230415E+06          1.6700   0.20157000   0.00052000  0.0394464  1.9790E-001   0.003269
    12        0.760000 4260.0  3.6551968E+06          1.6100   0.20098000   0.00122000  0.0562441  2.2440E-001   0.005058
    13        0.710000 4252.0  3.9873521E+06          1.5500   0.20001000   0.00222000  0.0805898  2.5530E-001   0.007671
    14        0.660000 4245.0  4.3195074E+06          1.5100   0.19874000   0.00346000  0.1040196  2.8020E-001   0.010141
    15        0.620000 4239.0  4.6516627E+06          1.4700   0.19720000   0.00489000  0.1281775  3.0280E-001   0.012355
    16        0.590000 4234.0  4.9838180E+06          1.4300   0.19548000   0.00646000  0.1494340  3.2060E-001   0.013778
    17        0.560000 4230.0  5.3159733E+06          1.4000   0.19359000   0.00812000  0.1707874  3.3720E-001   0.015150
    18        0.540000 4227.0  5.6481286E+06          1.3700   0.19159000   0.00983000  0.1916972  3.5240E-001   0.016155
    19        0.510000 4224.0  5.9802839E+06          1.3400   0.18943000   0.01167000  0.2112931  3.6580E-001   0.016740
    20        0.490000 4222.0  6.3124392E+06          1.3200   0.18719000   0.01352000  0.2305510  3.7840E-001   0.017441
    21        0.480000 4220.0  6.6445945E+06          1.2900   0.18482000   0.01546000  0.2489476  3.9000E-001   0.017481
    22        0.460000 4219.0  6.9767498E+06          1.2700   0.18243000   0.01737000  0.2668140  4.0080E-001   0.017704
    23        0.450000 4219.0  7.3089051E+06          1.2600   0.18006000   0.01923000  0.2839797  4.1080E-001   0.018087
    24        0.440000 4219.0  7.6410604E+06          1.2400   0.17753000   0.02120000  0.3000559  4.1980E-001   0.018016
    25        0.420000 4219.0  7.9732157E+06          1.2200   0.17502000   0.02311000  0.3157443  4.2850E-001   0.017761
    26        0.410000 4219.0  8.3053710E+06          1.2100   0.17249000   0.02502000  0.3308350  4.3660E-001   0.017827
    27        0.400000 4220.0  8.6375263E+06          1.1900   0.16990000   0.02695000  0.3460899  4.4460E-001   0.017380
    28        0.400000 4221.0  8.9696816E+06          1.1800   0.16738000   0.02878000  0.3600539  4.5180E-001   0.017276
    29        0.390000 4222.0  9.3018369E+06          1.1700   0.16487000   0.03059000  0.3736598  4.5870E-001   0.017111
    30        0.380000 4224.0  9.6339922E+06          1.1500   0.16233000   0.03238000  0.3864091  4.6500E-001   0.016447
    31        0.370000 4226.0  9.9661475E+06          1.1400   0.15980000   0.03415000  0.3995002  4.7150E-001   0.016195
    32        0.370000 4228.0  1.0298303E+07          1.1300   0.15734000   0.03581000  0.4121399  4.7750E-001   0.015886
    33        0.360000 4230.0  1.0630458E+07          1.1200   0.15471000   0.03763000  0.4238768  4.8310E-001   0.015550
    34        0.360000 4233.0  1.0962613E+07          1.1100   0.15221000   0.03929000  0.4360651  4.8890E-001   0.015196
    35        0.350000 4236.0  1.1294769E+07          1.1100   0.14971000   0.04092000  0.4469410  4.9390E-001   0.015111
    36        0.350000 4239.0  1.1626924E+07          1.1000   0.14715000   0.04260000  0.4594887  4.9980E-001   0.014816
    37        0.340000 4242.0  1.1959079E+07          1.0900   0.14464000   0.04420000  0.4700553  5.0460E-001   0.014392
    38        0.340000 4245.0  1.2291235E+07          1.0800   0.14215000   0.04576000  0.4799614  5.0900E-001   0.013957
    39        0.340000 4249.0  1.2623390E+07          1.0700   0.13966000   0.04729000  0.4900326  5.1340E-001   0.013513
    40        0.330000 4253.0  1.2955545E+07          1.0700   0.13719000   0.04879000  0.5002690  5.1800E-001   0.013444
    41        0.330000 4257.0  1.3287701E+07          1.0600   0.13474000   0.05025000  0.5105053  5.2250E-001   0.012984
    42        0.330000 4261.0  1.3619856E+07          1.0600   0.13228000   0.05169000  0.5202463  5.2680E-001   0.012784
    43        0.330000 4266.0  1.3952011E+07          1.0500   0.13010000   0.05282000  0.5292161  5.3070E-001   0.012429
    44        0.320000 4271.0  1.4284166E+07          1.0400   0.12742000   0.05445000  0.5386622  5.3470E-001   0.011959
    45        0.320000 4276.0  1.4616322E+07          1.0400   0.12504000   0.05576000  0.5478342  5.3870E-001   0.011839
    46        0.320000 4281.0  1.4948477E+07          1.0300   0.12262000   0.05709000  0.5562842  5.4230E-001   0.011381
    47        0.320000 4286.0  1.5280632E+07          1.0300   0.12027000   0.05833000  0.5651058  5.4600E-001   0.011244
    48        0.320000 4292.0  1.5612788E+07          1.0200   0.11795000   0.05953000  0.5730760  5.4940E-001   0.010794
    49        0.320000 4298.0  1.5944943E+07          1.0200   0.11559000   0.06075000  0.5818199  5.5300E-001   0.010642
    50        0.320000 4304.0  1.6277098E+07          1.0200   0.11333000   0.06185000  0.5897801  5.5640E-001   0.010399
    51        0.320000 4310.0  1.6609254E+07          1.0100   0.11100000   0.06300000  0.5979447  5.5980E-001   0.010044
    52        0.320000 4317.0  1.6941409E+07          1.0100   0.10877000   0.06404000  0.6050078  5.6270E-001   0.009906
    53        0.320000 4324.0  1.7273564E+07          1.0000   0.10651000   0.06510000  0.6130405  5.6610E-001   0.009459
    54        0.320000 4332.0  1.7605719E+07          1.0000   0.10433000   0.06606000  0.6205114  5.6930E-001   0.009310
    55        0.320000 4339.0  1.7937875E+07          1.0000   0.10211000   0.06704000  0.6274854  5.7210E-001   0.009159
    56        0.320000 4347.0  1.8270030E+07          0.9900   0.09992000   0.06798000  0.6343723  5.7490E-001   0.008739
    57        0.320000 4355.0  1.8602185E+07          0.9900   0.09780000   0.06883000  0.6417236  5.7810E-001   0.008582
    58        0.320000 4363.0  1.8934341E+07          0.9900   0.09565000   0.06971000  0.6499871  5.8200E-001   0.008407
    59        0.320000 4373.0  1.9266496E+07          0.9900   0.09353000   0.07052000  0.6549185  5.8340E-001   0.008273
    60        0.320000 4382.0  1.9598651E+07          0.9800   0.09147000   0.07128000  0.6617795  5.8630E-001   0.007867
    61        0.320000 4391.0  1.9930807E+07          0.9800   0.08939000   0.07204000  0.6682049  5.8900E-001   0.007715
    62        0.320000 4401.0  2.0262962E+07          0.9800   0.08736000   0.07272000  0.6741485  5.9130E-001   0.007565
    63        0.320000 4412.0  2.0595117E+07          0.9800   0.08530000   0.07342000  0.6803892  5.9390E-001   0.007410
    64        0.330000 4423.0  2.0927272E+07          0.9700   0.08328000   0.07404000  0.6865557  5.9650E-001   0.007033
    65        0.330000 4434.0  2.1259428E+07          0.9700   0.08136000   0.07458000  0.6925735  5.9900E-001   0.006881
    66        0.330000 4446.0  2.1591583E+07          0.9700   0.07933000   0.07520000  0.6980713  6.0130E-001   0.006739
    67        0.330000 4458.0  2.1923738E+07          0.9700   0.07743000   0.07570000  0.7039406  6.0370E-001   0.006584
    68        0.340000 4472.0  2.2255894E+07          0.9700   0.07552000   0.07618000  0.7091412  6.0590E-001   0.006446
    69        0.340000 4484.0  2.2588049E+07          0.9700   0.07368000   0.07661000  0.7148619  6.0830E-001   0.006291
    70        0.340000 4498.0  2.2920204E+07          0.9600   0.07183000   0.07704000  0.7199139  6.1040E-001   0.005962
    71        0.340000 4513.0  2.3252360E+07          0.9600   0.07005000   0.07739000  0.7248916  6.1240E-001   0.005826
    72        0.350000 4527.0  2.3584515E+07          0.9600   0.06827000   0.07772000  0.7303894  6.1480E-001   0.005676
    73        0.350000 4542.0  2.3916670E+07          0.9600   0.06654000   0.07802000  0.7352186  6.1690E-001   0.005542
    74        0.360000 4557.0  2.4248826E+07          0.9600   0.06484000   0.07829000  0.7399734  6.1890E-001   0.005407
    75        0.360000 4573.0  2.4580981E+07          0.9600   0.06317000   0.07851000  0.7445054  6.2080E-001   0.005276
    76        0.360000 4589.0  2.4913136E+07          0.9600   0.06154000   0.07871000  0.7490374  6.2280E-001   0.005146
    77        0.370000 4606.0  2.5245291E+07          0.9600   0.05995000   0.07888000  0.7534207  6.2470E-001   0.004945
    78        0.370000 4623.0  2.5577447E+07          0.9500   0.05839000   0.07900000  0.7578784  6.2670E-001   0.004735
    79        0.380000 4641.0  2.5909602E+07          0.9500   0.05683000   0.07913000  0.7615931  6.2830E-001   0.004628
    80        0.380000 4658.0  2.6241757E+07          0.9500   0.05535000   0.07919000  0.7656793  6.3010E-001   0.004508
    81        0.390000 4676.0  2.6573913E+07          0.9500   0.05387000   0.07924000  0.7697655  6.3200E-001   0.004389
    82        0.390000 4694.0  2.6906068E+07          0.9500   0.05241000   0.07928000  0.7737031  6.3380E-001   0.004272
    83        0.400000 4712.0  2.7238223E+07          0.9500   0.05100000   0.07928000  0.7775664  6.3560E-001   0.004157
    84        0.400000 4731.0  2.7570379E+07          0.9500   0.04962000   0.07925000  0.7809097  6.3710E-001   0.004056
    85        0.410000 4750.0  2.7902534E+07          0.9500   0.04825000   0.07921000  0.7846244  6.3890E-001   0.003943
    86        0.410000 4769.0  2.8234689E+07          0.9500   0.04693000   0.07914000  0.7881906  6.4070E-001   0.003835
    87        0.420000 4788.0  2.8566844E+07          0.9400   0.04563000   0.07906000  0.7916824  6.4240E-001   0.003611
    88        0.430000 4807.0  2.8899000E+07          0.9400   0.04435000   0.07896000  0.7950814  6.4410E-001   0.003510
    89        0.430000 4827.0  2.9231155E+07          0.9400   0.04311000   0.07882000  0.7979974  6.4560E-001   0.003422
    90        0.440000 4845.0  2.9563310E+07          0.9400   0.04187000   0.07870000  0.8012478  6.4730E-001   0.003323
    91        0.440000 4865.0  2.9895466E+07          0.9400   0.04067000   0.07854000  0.8043868  6.4900E-001   0.003228
    92        0.450000 4885.0  3.0227621E+07          0.9400   0.03949000   0.07837000  0.8074003  6.5060E-001   0.003136
    93        0.460000 4904.0  3.0559776E+07          0.9400   0.03834000   0.07818000  0.8103117  6.5220E-001   0.003046
    94        0.460000 4925.0  3.0891932E+07          0.9400   0.03722000   0.07797000  0.8131535  6.5390E-001   0.002958
    95        0.470000 4944.0  3.1224087E+07          0.9400   0.03611000   0.07776000  0.8161996  6.5570E-001   0.002864
    96        0.480000 4965.0  3.1556242E+07          0.9400   0.03502000   0.07754000  0.8188339  6.5720E-001   0.002781
    97        0.480000 4985.0  3.1888397E+07          0.9400   0.03395000   0.07730000  0.8214255  6.5890E-001   0.002650
    98        0.490000 5005.0  3.2220553E+07          0.9300   0.03292000   0.07704000  0.8241078  6.6060E-001   0.002533
    99        0.500000 5025.0  3.2552708E+07          0.9300   0.03190000   0.07680000  0.8267020  6.6230E-001   0.002453
   100        0.500000 5045.0  3.2884863E+07          0.9300   0.03091000   0.07652000  0.8291715  6.6400E-001   0.002377
   101        0.510000 5065.0  3.3217019E+07          0.9300   0.02995000   0.07626000  0.8315172  6.6560E-001   0.002305
   102        0.520000 5085.0  3.3549174E+07          0.9300   0.02901000   0.07598000  0.8338885  6.6730E-001   0.002231
   103        0.530000 5105.0  3.3881329E+07          0.9300   0.02809000   0.07570000  0.8361477  6.6900E-001   0.002160
   104        0.530000 5125.0  3.4213485E+07          0.9300   0.02719000   0.07542000  0.8382911  6.7070E-001   0.002093
   105        0.540000 5144.0  3.4545640E+07          0.9300   0.02632000   0.07515000  0.8405503  6.7240E-001   0.002022
   106        0.550000 5164.0  3.4877795E+07          0.9200   0.02549000   0.07486000  0.8424916  6.7410E-001   0.001898
   107        0.550000 5183.0  3.5209950E+07          0.9200   0.02467000   0.07459000  0.8445855  6.7590E-001   0.001834
   108        0.560000 5202.0  3.5542106E+07          0.9200   0.02389000   0.07432000  0.8464109  6.7750E-001   0.001777
   109        0.560000 5220.0  3.5874261E+07          0.9200   0.02313000   0.07407000  0.8483014  6.7940E-001   0.001719
   110        0.570000 5238.0  3.6206416E+07          0.9200   0.02240000   0.07382000  0.8500562  6.8110E-001   0.001665
   111        0.580000 5256.0  3.6538572E+07          0.9200   0.02172000   0.07359000  0.8517347  6.8280E-001   0.001612
   112        0.580000 5273.0  3.6870727E+07          0.9200   0.02104000   0.07340000  0.8533489  6.8450E-001   0.001525
   113        0.580000 5289.0  3.7202882E+07          0.9100   0.02041000   0.07321000  0.8549187  6.8630E-001   0.001464
   114        0.590000 5304.0  3.7535038E+07          0.9100   0.01981000   0.07307000  0.8563635  6.8800E-001   0.001420
   115        0.590000 5319.0  3.7867193E+07          0.9100   0.01925000   0.07296000  0.8576983  6.8970E-001   0.001379
   116        0.600000 5332.0  3.8199348E+07          0.9100   0.01875000   0.07286000  0.8589566  6.9130E-001   0.001340
   117        0.600000 5345.0  3.8531504E+07          0.9000   0.01824000   0.07285000  0.8601488  6.9310E-001   0.001261
   118        0.600000 5356.0  3.8863659E+07          0.9000   0.01780000   0.07286000  0.8612021  6.9460E-001   0.001230
   119        0.600000 5367.0  3.9195814E+07          0.9000   0.01739000   0.07293000  0.8621952  6.9620E-001   0.001200
   120        0.600000 5376.0  3.9527969E+07          0.8900   0.01702000   0.07304000  0.8630807  6.9780E-001   0.001135
   121        0.600000 5383.0  3.9860125E+07          0.8900   0.01669000   0.07320000  0.8638992  6.9930E-001   0.001112
   122        0.590000 5389.0  4.0192280E+07          0.8900   0.01641000   0.07341000  0.8646124  7.0080E-001   0.001091
   123        0.590000 5395.0  4.0524435E+07          0.8800   0.01615000   0.07367000  0.8652558  7.0220E-001   0.001037
   124        0.590000 5398.0  4.0856591E+07          0.8800   0.01593000   0.07396000  0.8657922  7.0350E-001   0.001022
   125        0.580000 5401.0  4.1188746E+07          0.8700   0.01574000   0.07430000  0.8662885  7.0480E-001   0.000974
   126        0.580000 5403.0  4.1520901E+07          0.8700   0.01558000   0.07466000  0.8667153  7.0610E-001   0.000963
   127        0.570000 5404.0  4.1853057E+07          0.8700   0.01544000   0.07503000  0.8670302  7.0710E-001   0.000954
   128        0.570000 5404.0  4.2185212E+07          0.8600   0.01534000   0.07542000  0.8673374  7.0820E-001   0.000914
   129        0.560000 5403.0  4.2517367E+07          0.8600   0.01525000   0.07582000  0.8675880  7.0930E-001   0.000907
   130        0.560000 5402.0  4.2849522E+07          0.8500   0.01516000   0.07625000  0.8678127  7.1030E-001   0.000870
   131        0.550000 5400.0  4.3181678E+07          0.8500   0.01510000   0.07668000  0.8679893  7.1120E-001   0.000866
   132        0.540000 5397.0  4.3513833E+07          0.8400   0.01505000   0.07711000  0.8681446  7.1220E-001   0.000832
   133        0.540000 5394.0  4.3845988E+07          0.8400   0.01502000   0.07751000  0.8682533  7.1290E-001   0.000830
   134        0.530000 5391.0  4.4178144E+07          0.8400   0.01501000   0.07789000  0.8683292  7.1370E-001   0.000828
   135        0.530000 5388.0  4.4510299E+07          0.8300   0.01499000   0.07829000  0.8683830  7.1430E-001   0.000797
   136        0.520000 5384.0  4.4842454E+07          0.8300   0.01499000   0.07867000  0.8684226  7.1500E-001   0.000797
   137        0.510000 5381.0  4.5174610E+07          0.8300   0.01500000   0.07904000  0.8684482  7.1560E-001   0.000796
   138        0.510000 5377.0  4.5506765E+07          0.8200   0.01500000   0.07940000  0.8684523  7.1610E-001   0.000768
   139        0.500000 5373.0  4.5838920E+07          0.8200   0.01502000   0.07975000  0.8684482  7.1660E-001   0.000768
   140        0.500000 5369.0  4.6171075E+07          0.8200   0.01504000   0.08009000  0.8684288  7.1710E-001   0.000769
   141        0.490000 5364.0  4.6503231E+07          0.8200   0.01507000   0.08041000  0.8683986  7.1760E-001   0.000769
   142        0.490000 5360.0  4.6835386E+07          0.8100   0.01510000   0.08072000  0.8683611  7.1800E-001   0.000743
   143        0.490000 5356.0  4.7167541E+07          0.8100   0.01513000   0.08102000  0.8683190  7.1840E-001   0.000744
   144        0.480000 5352.0  4.7499697E+07          0.8100   0.01517000   0.08130000  0.8682730  7.1870E-001   0.000745
   145        0.480000 5348.0  4.7831852E+07          0.8100   0.01520000   0.08156000  0.8682057  7.1900E-001   0.000746
   146        0.470000 5344.0  4.8164007E+07          0.8000   0.01525000   0.08180000  0.8681432  7.1930E-001   0.000721
   147        0.470000 5340.0  4.8496163E+07          0.8000   0.01527000   0.08204000  0.8680847  7.1950E-001   0.000722
   148        0.470000 5337.0  4.8828318E+07          0.8000   0.01531000   0.08227000  0.8680114  7.1970E-001   0.000724
   149        0.460000 5333.0  4.9160473E+07          0.8000   0.01535000   0.08247000  0.8679385  7.1990E-001   0.000725
   150        0.460000 5330.0  4.9492628E+07          0.8000   0.01540000   0.08265000  0.8678682  7.2010E-001   0.000727
   151        0.460000 5327.0  4.9824784E+07          0.8000   0.01543000   0.08284000  0.8678048  7.2030E-001   0.000728
   152        0.460000 5324.0  5.0156939E+07          0.8000   0.01546000   0.08301000  0.8677527  7.2050E-001   0.000729
   154        0.450000 5318.0  5.0821250E+07          0.7900   0.01554000   0.08330000  0.8675857  7.2060E-001   0.000706
   155        0.450000 5315.0  5.1153405E+07          0.7900   0.01558000   0.08343000  0.8675124  7.2070E-001   0.000708
   156        0.450000 5313.0  5.1485560E+07          0.7900   0.01561000   0.08356000  0.8674539  7.2080E-001   0.000709
   158        0.450000 5308.0  5.2149871E+07          0.7900   0.01568000   0.08377000  0.8673061  7.2090E-001   0.000712
   164        0.440000 5297.0  5.4142803E+07          0.7900   0.01586000   0.08424000  0.8669620  7.2100E-001   0.000720
   165        0.440000 5296.0  5.4474958E+07          0.7900   0.01589000   0.08429000  0.8668810  7.2090E-001   0.000721
   166        0.440000 5294.0  5.4807113E+07          0.7900   0.01591000   0.08435000  0.8668329  7.2100E-001   0.000722
   167        0.440000 5293.0  5.5139269E+07          0.7900   0.01594000   0.08439000  0.8667727  7.2090E-001   0.000724
   170        0.440000 5289.0  5.6135735E+07          0.7900   0.01601000   0.08451000  0.8666227  7.2080E-001   0.000727
   173        0.430000 5287.0  5.7132200E+07          0.7900   0.01608000   0.08458000  0.8664801  7.2070E-001   0.000730
   174        0.430000 5286.0  5.7464356E+07          0.7900   0.01609000   0.08461000  0.8664588  7.2080E-001   0.000731
   175        0.430000 5285.0  5.7796511E+07          0.7900   0.01612000   0.08463000  0.8663915  7.2060E-001   0.000732
   178        0.430000 5283.0  5.8792977E+07          0.7900   0.01616000   0.08467000  0.8662796  7.2050E-001   0.000734
   180        0.430000 5282.0  5.9457288E+07          0.7900   0.01619000   0.08469000  0.8662054  7.2040E-001   0.000736
   182        0.430000 5281.0  6.0121598E+07          0.7900   0.01623000   0.08470000  0.8661434  7.2030E-001   0.000737
   185        0.430000 5279.0  6.1118064E+07          0.7900   0.01627000   0.08470000  0.8660623  7.2020E-001   0.000739
   187        0.430000 5279.0  6.1782375E+07          0.7900   0.01629000   0.08470000  0.8660028  7.2010E-001   0.000740
   189        0.430000 5278.0  6.2446685E+07          0.7900   0.01631000   0.08469000  0.8659557  7.2000E-001   0.000741
   192        0.430000 5278.0  6.3443151E+07          0.7900   0.01633000   0.08469000  0.8658888  7.1990E-001   0.000743
   194        0.430000 5277.0  6.4107462E+07          0.7900   0.01636000   0.08467000  0.8658488  7.1980E-001   0.000744
   197        0.430000 5277.0  6.5103928E+07          0.7900   0.01637000   0.08466000  0.8657959  7.1970E-001   0.000745
   199        0.430000 5276.0  6.5768238E+07          0.7900   0.01639000   0.08464000  0.8657625  7.1960E-001   0.000746
   203        0.430000 5276.0  6.7096860E+07          0.7900   0.01642000   0.08461000  0.8657117  7.1950E-001   0.000747
   207        0.430000 5276.0  6.8425481E+07          0.7900   0.01643000   0.08459000  0.8656539  7.1940E-001   0.000748
   208        0.430000 5276.0  6.8757636E+07          0.7900   0.01644000   0.08458000  0.8656426  7.1930E-001   0.000748
   215        0.430000 5275.0  7.1082723E+07          0.7900   0.01647000   0.08453000  0.8655560  7.1910E-001   0.000750
   221        0.430000 5275.0  7.3075655E+07          0.7900   0.01649000   0.08449000  0.8655111  7.1900E-001   0.000751
   225        0.440000 5275.0  7.4404276E+07          0.7900   0.01649000   0.08445000  0.8654873  7.1890E-001   0.000751
   228        0.440000 5276.0  7.5400742E+07          0.7900   0.01650000   0.08444000  0.8654636  7.1880E-001   0.000752
   239        0.440000 5276.0  7.9054450E+07          0.7900   0.01652000   0.08439000  0.8654280  7.1870E-001   0.000753
   256        0.440000 5275.0  8.4701091E+07          0.7900   0.01655000   0.08435000  0.8653567  7.1860E-001   0.000754
   268        0.440000 5275.0  8.8686954E+07          0.7900   0.01657000   0.08433000  0.8653122  7.1850E-001   0.000755
   283        0.440000 5275.0  9.3669284E+07          0.7900   0.01658000   0.08430000  0.8652409  7.1830E-001   0.000757
   302        0.440000 5273.0  2.5059167E+08          0.8000   0.01682000   0.08380000  0.8646873  7.1670E-001   0.000798
   303        0.450000 5276.0  4.0455146E+08          0.8000   0.01684000   0.08345000  0.8646448  7.1620E-001   0.000799
   304        0.450000 5280.0  5.5951434E+08          0.8000   0.01681000   0.08314000  0.8646661  7.1580E-001   0.000798
   305        0.450000 5284.0  7.1467783E+08          0.8100   0.01677000   0.08283000  0.8647480  7.1560E-001   0.000797
   306        0.460000 5288.0  8.6984132E+08          0.8100   0.01672000   0.08255000  0.8648299  7.1540E-001   0.000825
   307        0.460000 5293.0  1.0248042E+09          0.8100   0.01666000   0.08227000  0.8649276  7.1520E-001   0.000822
   308        0.460000 5297.0  1.1797671E+09          0.8100   0.01661000   0.08198000  0.8650272  7.1490E-001   0.000820
   309        0.470000 5301.0  1.3345293E+09          0.8100   0.01656000   0.08170000  0.8651207  7.1470E-001   0.000818
   310        0.470000 5305.0  1.4890910E+09          0.8100   0.01651000   0.08142000  0.8652409  7.1450E-001   0.000815
   311        0.470000 5310.0  1.6434235E+09          0.8100   0.01645000   0.08114000  0.8653523  7.1440E-001   0.000812
   312        0.480000 5314.0  1.7974215E+09          0.8200   0.01639000   0.08086000  0.8654636  7.1420E-001   0.000840
   313        0.480000 5318.0  1.9513716E+09          0.8200   0.01634000   0.08058000  0.8655660  7.1400E-001   0.000837
   314        0.480000 5323.0  2.1051308E+09          0.8200   0.01626000   0.08031000  0.8656871  7.1380E-001   0.000834
   315        0.490000 5327.0  2.2584887E+09          0.8200   0.01621000   0.08002000  0.8658108  7.1370E-001   0.000831
   316        0.490000 5331.0  2.4118328E+09          0.8200   0.01614000   0.07975000  0.8659220  7.1340E-001   0.000828
   317        0.490000 5336.0  2.5648429E+09          0.8200   0.01609000   0.07947000  0.8660288  7.1330E-001   0.000826
   318        0.500000 5340.0  2.7176555E+09          0.8300   0.01602000   0.07919000  0.8661566  7.1310E-001   0.000853
   319        0.500000 5344.0  2.8704680E+09          0.8300   0.01596000   0.07891000  0.8662696  7.1290E-001   0.000850
   320        0.500000 5349.0  3.0230829E+09          0.8300   0.01590000   0.07862000  0.8663950  7.1280E-001   0.000847
   321        0.510000 5353.0  3.1756979E+09          0.8300   0.01584000   0.07833000  0.8665369  7.1270E-001   0.000843
   322        0.510000 5357.0  3.3279177E+09          0.8300   0.01578000   0.07805000  0.8666389  7.1240E-001   0.000841
   323        0.520000 5362.0  3.4801375E+09          0.8300   0.01571000   0.07776000  0.8667816  7.1230E-001   0.000837
   324        0.520000 5366.0  3.6321597E+09          0.8400   0.01566000   0.07747000  0.8669039  7.1210E-001   0.000864
   325        0.520000 5370.0  3.7839844E+09          0.8400   0.01559000   0.07718000  0.8670263  7.1190E-001   0.000861
   326        0.530000 5375.0  3.9358090E+09          0.8400   0.01553000   0.07688000  0.8671126  7.1170E-001   0.000859
   327        0.530000 5379.0  4.0873259E+09          0.8400   0.01546000   0.07659000  0.8672491  7.1150E-001   0.000855
   328        0.530000 5383.0  4.2386680E+09          0.8400   0.01540000   0.07630000  0.8673913  7.1140E-001   0.000851
   329        0.540000 5388.0  4.3898999E+09          0.8400   0.01533000   0.07599000  0.8675221  7.1120E-001   0.000848
   330        0.540000 5392.0  4.5408674E+09          0.8500   0.01528000   0.07569000  0.8676132  7.1090E-001   0.000876
   331        0.550000 5397.0  4.6917711E+09          0.8500   0.01521000   0.07539000  0.8677497  7.1080E-001   0.000872
   332        0.550000 5401.0  4.8423201E+09          0.8500   0.01515000   0.07508000  0.8678914  7.1060E-001   0.000868
   333        0.560000 5405.0  4.9926572E+09          0.8500   0.01508000   0.07478000  0.8679996  7.1040E-001   0.000865
   334        0.560000 5410.0  5.1429944E+09          0.8500   0.01502000   0.07447000  0.8681319  7.1020E-001   0.000862
   335        0.560000 5414.0  5.2929422E+09          0.8600   0.01496000   0.07416000  0.8682702  7.1000E-001   0.000888
   336        0.570000 5418.0  5.4426955E+09          0.8600   0.01489000   0.07386000  0.8683781  7.0980E-001   0.000885
   337        0.570000 5423.0  5.5922541E+09          0.8600   0.01483000   0.07354000  0.8684938  7.0960E-001   0.000882
   338        0.580000 5427.0  5.7416180E+09          0.8600   0.01477000   0.07323000  0.8686361  7.0940E-001   0.000878
   339        0.580000 5432.0  5.8906225E+09          0.8600   0.01470000   0.07291000  0.8687316  7.0910E-001   0.000875
   340        0.590000 5436.0  6.0395158E+09          0.8700   0.01465000   0.07259000  0.8688425  7.0880E-001   0.000903
   341        0.590000 5440.0  6.1880256E+09          0.8700   0.01458000   0.07227000  0.8689718  7.0870E-001   0.000899
   342        0.600000 5445.0  6.3363436E+09          0.8700   0.01452000   0.07196000  0.8690997  7.0840E-001   0.000895
   343        0.600000 5449.0  6.4844699E+09          0.8700   0.01445000   0.07163000  0.8692158  7.0820E-001   0.000891
   344        0.610000 5453.0  6.6322127E+09          0.8800   0.01439000   0.07131000  0.8693266  7.0800E-001   0.000919
   345        0.610000 5457.0  6.7795719E+09          0.8800   0.01433000   0.07099000  0.8694559  7.0770E-001   0.000915
   346        0.620000 5462.0  6.9267393E+09          0.8800   0.01427000   0.07065000  0.8695917  7.0760E-001   0.000911
   347        0.620000 5466.0  7.0737150E+09          0.8800   0.01420000   0.07033000  0.8697145  7.0740E-001   0.000907
   348        0.630000 5470.0  7.2203417E+09          0.8900   0.01414000   0.07000000  0.8698304  7.0710E-001   0.000935
   349        0.640000 5474.0  7.3666992E+09          0.8900   0.01408000   0.06966000  0.8699351  7.0680E-001   0.000931
   350        0.640000 5479.0  7.5126788E+09          0.8900   0.01403000   0.06932000  0.8700354  7.0650E-001   0.000928
   352        0.650000 5487.0  7.8040708E+09          0.9000   0.01391000   0.06865000  0.8702594  7.0600E-001   0.000952
   353        0.660000 5491.0  7.9496724E+09          0.9000   0.01385000   0.06831000  0.8703766  7.0570E-001   0.000948
   354        0.660000 5495.0  8.0950850E+09          0.9000   0.01379000   0.06796000  0.8705355  7.0560E-001   0.000943
   355        0.670000 5499.0  8.2406740E+09          0.9000   0.01372000   0.06763000  0.8706294  7.0520E-001   0.000940
   356        0.680000 5503.0  8.3859101E+09          0.9100   0.01367000   0.06728000  0.8707060  7.0480E-001   0.000968
   357        0.680000 5507.0  8.5314428E+09          0.9100   0.01361000   0.06693000  0.8708250  7.0460E-001   0.000964
   358        0.690000 5512.0  8.6769242E+09          0.9100   0.01355000   0.06658000  0.8709174  7.0420E-001   0.000961
   359        0.700000 5516.0  8.8223368E+09          0.9200   0.01350000   0.06622000  0.8710198  7.0390E-001   0.000989
   360        0.700000 5519.0  8.9681273E+09          0.9200   0.01344000   0.06586000  0.8711276  7.0360E-001   0.000985
   361        0.710000 5523.0  9.1139241E+09          0.9200   0.01338000   0.06550000  0.8712407  7.0330E-001   0.000981
   362        0.720000 5527.0  9.2601327E+09          0.9300   0.01333000   0.06513000  0.8713498  7.0300E-001   0.001010
   363        0.720000 5531.0  9.4067249E+09          0.9300   0.01328000   0.06477000  0.8714530  7.0270E-001   0.001006
   364        0.730000 5535.0  9.5537006E+09          0.9300   0.01323000   0.06438000  0.8715778  7.0240E-001   0.001001
   365        0.740000 5539.0  9.7012516E+09          0.9400   0.01317000   0.06401000  0.8716304  7.0180E-001   0.001031
   366        0.750000 5543.0  9.8495696E+09          0.9400   0.01311000   0.06363000  0.8717364  7.0150E-001   0.001027
   367        0.760000 5547.0  9.9986547E+09          0.9400   0.01306000   0.06323000  0.8718182  7.0110E-001   0.001024
   368        0.760000 5551.0  1.0148852E+10          0.9500   0.01301000   0.06284000  0.8719203  7.0070E-001   0.001053
   369        0.770000 5555.0  1.0300281E+10          0.9500   0.01295000   0.06244000  0.8720281  7.0030E-001   0.001048
   370        0.780000 5559.0  1.0453094E+10          0.9600   0.01290000   0.06202000  0.8720973  6.9980E-001   0.001078
   371        0.790000 5563.0  1.0607515E+10          0.9600   0.01285000   0.06160000  0.8722136  6.9940E-001   0.001073
   372        0.800000 5567.0  1.0763881E+10          0.9600   0.01280000   0.06117000  0.8722913  6.9890E-001   0.001070
   373        0.810000 5570.0  1.0922224E+10          0.9700   0.01275000   0.06072000  0.8723613  6.9830E-001   0.001100
   374        0.820000 5574.0  1.1083151E+10          0.9700   0.01270000   0.06028000  0.8724521  6.9780E-001   0.001096
   375        0.830000 5578.0  1.1246575E+10          0.9800   0.01264000   0.05981000  0.8725534  6.9730E-001   0.001126
   376        0.840000 5582.0  1.1412839E+10          0.9800   0.01260000   0.05933000  0.8726260  6.9670E-001   0.001122
   377        0.860000 5586.0  1.1582157E+10          0.9900   0.01254000   0.05884000  0.8726999  6.9600E-001   0.001153
   378        0.870000 5590.0  1.1754923E+10          1.0000   0.01249000   0.05832000  0.8727731  6.9540E-001   0.001184
   379        0.880000 5594.0  1.1931094E+10          1.0000   0.01245000   0.05779000  0.8728525  6.9470E-001   0.001179
   380        0.900000 5598.0  1.2110263E+10          1.0100   0.01240000   0.05725000  0.8729006  6.9390E-001   0.001212
   381        0.910000 5602.0  1.2292148E+10          1.0200   0.01235000   0.05669000  0.8729662  6.9310E-001   0.001244
   382        0.930000 5605.0  1.2475626E+10          1.0200   0.01231000   0.05612000  0.8730301  6.9240E-001   0.001240
   383        0.940000 5609.0  1.2659462E+10          1.0300   0.01228000   0.05553000  0.8730381  6.9140E-001   0.001275
   384        0.960000 5612.0  1.2841972E+10          1.0400   0.01225000   0.05495000  0.8730874  6.9060E-001   0.001309
   386        0.990000 5617.0  1.3195011E+10          1.0600   0.01222000   0.05383000  0.8730388  6.8850E-001   0.001357
   387        1.000000 5617.0  1.3219015E+10          1.0600   0.01222000   0.05375000  0.8730263  6.8830E-001   0.001385
   390        1.000000 5618.0  1.3290192E+10          1.0600   0.01222000   0.05352000  0.8730076  6.8780E-001   0.001385
   391        1.010000 5618.0  1.3313630E+10          1.0600   0.01222000   0.05345000  0.8729936  6.8760E-001   0.001385
   393        1.010000 5619.0  1.3360059E+10          1.0600   0.01223000   0.05329000  0.8729889  6.8740E-001   0.001385
   395        1.010000 5619.0  1.3405921E+10          1.0700   0.01223000   0.05314000  0.8729669  6.8710E-001   0.001397
   398        1.020000 5620.0  1.3473644E+10          1.0700   0.01222000   0.05294000  0.8729337  6.8660E-001   0.001426
   399        1.020000 5620.0  1.3495932E+10          1.0700   0.01223000   0.05287000  0.8729172  6.8640E-001   0.001426
   400        1.030000 5620.0  1.3518099E+10          1.0700   0.01223000   0.05280000  0.8729089  6.8630E-001   0.001426
   401        1.030000 5620.0  1.3540152E+10          1.0700   0.01224000   0.05272000  0.8729006  6.8620E-001   0.001427
   402        1.030000 5621.0  1.3562074E+10          1.0700   0.01223000   0.05266000  0.8728797  6.8600E-001   0.001427
   404        1.030000 5621.0  1.3605603E+10          1.0800   0.01224000   0.05253000  0.8728587  6.8570E-001   0.001440
   405        1.040000 5621.0  1.3627226E+10          1.0800   0.01225000   0.05245000  0.8728377  6.8550E-001   0.001469
   406        1.040000 5621.0  1.3648767E+10          1.0800   0.01225000   0.05239000  0.8728272  6.8540E-001   0.001469
   407        1.040000 5621.0  1.3670237E+10          1.0800   0.01226000   0.05232000  0.8728168  6.8530E-001   0.001470
   408        1.040000 5621.0  1.3691657E+10          1.0800   0.01226000   0.05226000  0.8727868  6.8510E-001   0.001471
   409        1.050000 5621.0  1.3713034E+10          1.0800   0.01226000   0.05219000  0.8727768  6.8500E-001   0.001471
   410        1.050000 5621.0  1.3734385E+10          1.0800   0.01226000   0.05213000  0.8727568  6.8480E-001   0.001472
   412        1.060000 5622.0  1.3813107E+10          1.0900   0.01229000   0.05187000  0.8726999  6.8420E-001   0.001515
   413        1.060000 5622.0  1.3870483E+10          1.0900   0.01230000   0.05171000  0.8726629  6.8390E-001   0.001516
   414        1.070000 5622.0  1.3927859E+10          1.0900   0.01233000   0.05151000  0.8725756  6.8330E-001   0.001520
   415        1.070000 5622.0  1.3985235E+10          1.1000   0.01234000   0.05135000  0.8725158  6.8290E-001   0.001536
   416        1.080000 5622.0  1.4055651E+10          1.1000   0.01236000   0.05112000  0.8724548  6.8240E-001   0.001567
   417        1.090000 5622.0  1.4099987E+10          1.1000   0.01237000   0.05098000  0.8723750  6.8190E-001   0.001570
   418        1.090000 5622.0  1.4157363E+10          1.1000   0.01240000   0.05080000  0.8723363  6.8150E-001   0.001571
   419        1.100000 5622.0  1.4214739E+10          1.1100   0.01242000   0.05060000  0.8722113  6.8080E-001   0.001620
   420        1.110000 5621.0  1.4272115E+10          1.1100   0.01245000   0.05041000  0.8721368  6.8030E-001   0.001623
   421        1.120000 5621.0  1.4342531E+10          1.1200   0.01248000   0.05017000  0.8720535  6.7970E-001   0.001671
   422        1.120000 5621.0  1.4386867E+10          1.1200   0.01250000   0.05002000  0.8719650  6.7910E-001   0.001674
   423        1.130000 5621.0  1.4444243E+10          1.1200   0.01254000   0.04981000  0.8718786  6.7860E-001   0.001678
   424        1.140000 5621.0  1.4501619E+10          1.1300   0.01256000   0.04961000  0.8717934  6.7800E-001   0.001727
   425        1.140000 5620.0  1.4558995E+10          1.1300   0.01259000   0.04941000  0.8717053  6.7750E-001   0.001731
   426        1.150000 5620.0  1.4629411E+10          1.1400   0.01263000   0.04916000  0.8715778  6.7680E-001   0.001783
   427        1.160000 5619.0  1.4673747E+10          1.1400   0.01266000   0.04899000  0.8714680  6.7610E-001   0.001788
   428        1.170000 5619.0  1.4731123E+10          1.1400   0.01270000   0.04879000  0.8713498  6.7550E-001   0.001794
   429        1.180000 5618.0  1.4788499E+10          1.1500   0.01274000   0.04857000  0.8711922  6.7460E-001   0.001848
   430        1.180000 5617.0  1.4845875E+10          1.1500   0.01279000   0.04835000  0.8710629  6.7400E-001   0.001855
   431        1.190000 5616.0  1.4916291E+10          1.1600   0.01285000   0.04809000  0.8708991  6.7320E-001   0.001912
   432        1.200000 5616.0  1.4960627E+10          1.1600   0.01289000   0.04793000  0.8707517  6.7240E-001   0.001918
   433        1.210000 5615.0  1.5018003E+10          1.1700   0.01294000   0.04771000  0.8706061  6.7170E-001   0.001946
   434        1.220000 5614.0  1.5075379E+10          1.1700   0.01300000   0.04750000  0.8703876  6.7070E-001   0.001987
   435        1.230000 5612.0  1.5132755E+10          1.1800   0.01306000   0.04728000  0.8702420  6.7010E-001   0.002016
   436        1.240000 5611.0  1.5203171E+10          1.1800   0.01317000   0.04698000  0.8699843  6.6900E-001   0.002059
   437        1.250000 5610.0  1.5247507E+10          1.1900   0.01321000   0.04682000  0.8697999  6.6820E-001   0.002091
   438        1.260000 5608.0  1.5304883E+10          1.1900   0.01329000   0.04660000  0.8696155  6.6750E-001   0.002132
   439        1.270000 5606.0  1.5362259E+10          1.2000   0.01338000   0.04637000  0.8692936  6.6620E-001   0.002203
   440        1.280000 5604.0  1.5419635E+10          1.2000   0.01347000   0.04615000  0.8690522  6.6530E-001   0.002217
   441        1.290000 5601.0  1.5490051E+10          1.2100   0.01359000   0.04587000  0.8687245  6.6400E-001   0.002290
   442        1.300000 5600.0  1.5534387E+10          1.2100   0.01367000   0.04569000  0.8684360  6.6300E-001   0.002307
   443        1.310000 5597.0  1.5591763E+10          1.2200   0.01379000   0.04544000  0.8681063  6.6180E-001   0.002383
   444        1.320000 5595.0  1.5649139E+10          1.2300   0.01393000   0.04521000  0.8676942  6.6040E-001   0.002466
   445        1.330000 5591.0  1.5706515E+10          1.2300   0.01405000   0.04498000  0.8673797  6.5940E-001   0.002485
   446        1.340000 5588.0  1.5776931E+10          1.2400   0.01423000   0.04468000  0.8668834  6.5770E-001   0.002575
   447        1.350000 5585.0  1.5821267E+10          1.2500   0.01435000   0.04450000  0.8665151  6.5660E-001   0.002629
   448        1.370000 5581.0  1.5878643E+10          1.2500   0.01452000   0.04425000  0.8660378  6.5510E-001   0.002689
   449        1.380000 5578.0  1.5936019E+10          1.2600   0.01470000   0.04401000  0.8654405  6.5330E-001   0.002791
   450        1.390000 5573.0  1.5993395E+10          1.2700   0.01491000   0.04376000  0.8649171  6.5180E-001   0.002891
   451        1.400000 5567.0  1.6063811E+10          1.2800   0.01518000   0.04344000  0.8641788  6.4970E-001   0.003007
   452        1.410000 5564.0  1.6108147E+10          1.2800   0.01537000   0.04324000  0.8635652  6.4800E-001   0.003046
   453        1.430000 5558.0  1.6165523E+10          1.2900   0.01561000   0.04300000  0.8629240  6.4640E-001   0.003160
   454        1.440000 5553.0  1.6222899E+10          1.3000   0.01590000   0.04273000  0.8619418  6.4380E-001   0.003297
   455        1.450000 5547.0  1.6280275E+10          1.3100   0.01621000   0.04249000  0.8611346  6.4190E-001   0.003429
   456        1.470000 5539.0  1.6350691E+10          1.3200   0.01663000   0.04216000  0.8600050  6.3920E-001   0.003584
   457        1.480000 5533.0  1.6395027E+10          1.3300   0.01692000   0.04194000  0.8590239  6.3690E-001   0.003732
   458        1.490000 5525.0  1.6452403E+10          1.3400   0.01734000   0.04166000  0.8579158  6.3440E-001   0.003893
   459        1.510000 5517.0  1.6509779E+10          1.3500   0.01778000   0.04139000  0.8564506  6.3130E-001   0.004083
   460        1.520000 5507.0  1.6567155E+10          1.3600   0.01828000   0.04110000  0.8551338  6.2870E-001   0.004268
   461        1.540000 5494.0  1.6637571E+10          1.3700   0.01896000   0.04074000  0.8532113  6.2480E-001   0.004497
   462        1.550000 5485.0  1.6681907E+10          1.3800   0.01946000   0.04049000  0.8514570  6.2140E-001   0.004718
   463        1.570000 5473.0  1.6739283E+10          1.4000   0.02016000   0.04018000  0.8495746  6.1810E-001   0.005065
   464        1.580000 5459.0  1.6796659E+10          1.4100   0.02096000   0.03985000  0.8468371  6.1330E-001   0.005370
   465        1.600000 5444.0  1.6854035E+10          1.4200   0.02187000   0.03950000  0.8443154  6.0920E-001   0.005667
   466        1.610000 5423.0  1.6924451E+10          1.4400   0.02315000   0.03906000  0.8406863  6.0360E-001   0.006175
   467        1.630000 5408.0  1.6968787E+10          1.4600   0.02411000   0.03874000  0.8372339  5.9850E-001   0.006659
   468        1.640000 5388.0  1.7026163E+10          1.4700   0.02553000   0.03828000  0.8333346  5.9330E-001   0.007113
   469        1.650000 5365.0  1.7083539E+10          1.4900   0.02712000   0.03786000  0.8274287  5.8570E-001   0.007835
   470        1.670000 5338.0  1.7140915E+10          1.5100   0.02908000   0.03732000  0.8216879  5.7880E-001   0.008564
   471        1.680000 5308.0  1.7198291E+10          1.5400   0.03143000   0.03667000  0.8148623  5.7120E-001   0.009557
   472        2.360000 4790.0  1.7891089E+10          2.2400   0.10896000   0.00839000  0.4509034  3.2570E-001   0.028777
   473        3.320000 4739.0  1.8078686E+10          2.7100   0.12072000   0.00255000  0.3339517  2.3250E-001   0.017148
   474        4.680000 4706.0  1.8222544E+10          3.2600   0.12374000   0.00084000  0.2793440  1.7270E-001   0.008898
   475        6.580000 4668.0  1.8333418E+10          3.9400   0.12347000   0.00031000  0.2549749  1.3320E-001   0.004884
   476        9.260000 4620.0  1.8417378E+10          4.7700   0.12152000   0.00013000  0.2454229  1.0500E-001   0.002778
   477       13.030000 4562.0  1.8480318E+10          5.8000   0.11868000   0.00006000  0.2444492  8.5960E-002   0.001856
   478       18.330000 4497.0  1.8527709E+10          7.0900   0.11534000   0.00003000  0.2472523  7.0880E-002   0.001286
   479       25.800000 4424.0  1.8565927E+10          8.6900   0.11153000   0.00001000  0.2530216  5.9680E-002   0.000983
   480       36.300000 4354.0  1.8623406E+10         10.6600   0.10501000   0.00001000  0.2722544  5.4310E-002   0.001054
   481       51.080000 4268.0  1.8643435E+10         13.1700   0.10084000   0.00001000  0.2799938  4.6070E-002   0.000849
   482       71.880000 4178.0  1.8658500E+10         16.3200   0.09636000   0.00000000  0.2892116  3.9460E-002   0.000720
   483      101.150000 4085.0  1.8669760E+10         20.2800   0.09167000   0.00000000  0.2996112  3.3940E-002   0.000627
   484      142.340000 3989.0  1.8678180E+10         25.2600   0.08683000   0.00000000  0.3110793  2.9130E-002   0.000542
   485      200.300000 3891.0  1.8684511E+10         31.5700   0.08195000   0.00000000  0.3236008  2.4880E-002   0.000460
   486      281.860000 3789.0  1.8689331E+10         39.5900   0.07711000   0.00000000  0.3373214  2.0960E-002   0.000366
   487      396.630000 3683.0  1.8693026E+10         49.8300   0.07249000   0.00000000  0.3524403  1.7360E-002   0.000270
   488      558.140000 3571.0  1.8695893E+10         63.1600   0.06820000   0.00000000  0.3692778  1.4110E-002   0.000184
   489      785.420000 3449.0  1.8698153E+10         80.7600   0.06447000   0.00000000  0.3883395  1.1200E-002   0.000114
   490     1105.230000 3317.0  1.8699946E+10        104.3600   0.06162000   0.00000000  0.4099510  8.7190E-003   0.000065
   491     1555.280000 3179.0  1.8701387E+10        136.2900   0.06005000   0.00000000  0.4346421  6.6460E-003   0.000035
