 mod L/Lsol Teff t (year) Reff/Rsol k2conv k2rad Mrad/Msol Rrad/Reff
     1       27.950000 4275.0  3.7247912E+02          9.6900   0.18803000   0.00000000  0.0000000  0.0000E+000   0.000000
     2       12.390000 4421.0  2.0102012E+05          6.0200   0.19359000   0.00000000  0.0000000  0.0000E+000   0.000000
     3        7.710000 4477.0  4.0166776E+05          4.6300   0.19607000   0.00000000  0.0000000  0.0000E+000   0.000000
     4        4.810000 4512.0  6.0231539E+05          3.6000   0.19817000   0.00000000  0.0000000  0.0000E+000   0.000000
     5        3.680000 4518.0  8.0296303E+05          3.1400   0.19921000   0.00000000  0.0000000  0.0000E+000   0.000000
     6        3.030000 4518.0  1.0036107E+06          2.8500   0.19990000   0.00000000  0.0000000  0.0000E+000   0.000000
     7        2.590000 4515.0  1.2042583E+06          2.6400   0.20039000   0.00000000  0.0000000  0.0000E+000   0.000000
     8        2.290000 4510.0  1.4049059E+06          2.4800   0.20076000   0.00000000  0.0000000  0.0000E+000   0.000000
     9        2.050000 4503.0  1.6055536E+06          2.3600   0.20106000   0.00000000  0.0000000  0.0000E+000   0.000000
    10        1.870000 4497.0  1.8062012E+06          2.2600   0.20124000   0.00005000  0.0155145  1.3360E-001   0.001068
    11        1.710000 4490.0  2.0068489E+06          2.1700   0.20123000   0.00027000  0.0315256  1.7050E-001   0.002986
    12        1.570000 4482.0  2.2074965E+06          2.0800   0.20088000   0.00079000  0.0549900  2.0710E-001   0.006324
    13        1.450000 4475.0  2.4081441E+06          2.0100   0.20015000   0.00162000  0.0842531  2.4110E-001   0.010866
    14        1.350000 4467.0  2.6087918E+06          1.9400   0.19905000   0.00274000  0.1112394  2.6660E-001   0.014591
    15        1.260000 4461.0  2.8094394E+06          1.8900   0.19770000   0.00405000  0.1406591  2.9060E-001   0.018571
    16        1.190000 4455.0  3.0100871E+06          1.8400   0.19614000   0.00551000  0.1676019  3.1020E-001   0.021505
    17        1.130000 4450.0  3.2107347E+06          1.7900   0.19428000   0.00718000  0.1954738  3.2870E-001   0.023952
    18        1.070000 4445.0  3.4113823E+06          1.7500   0.19243000   0.00880000  0.2203764  3.4400E-001   0.025703
    19        1.030000 4441.0  3.6120300E+06          1.7200   0.19025000   0.01068000  0.2462671  3.5900E-001   0.027544
    20        0.990000 4438.0  3.8126776E+06          1.6800   0.18813000   0.01245000  0.2697733  3.7180E-001   0.028153
    21        0.950000 4436.0  4.0133252E+06          1.6500   0.18579000   0.01439000  0.2933580  3.8410E-001   0.028886
    22        0.920000 4433.0  4.2139729E+06          1.6300   0.18353000   0.01621000  0.3138745  3.9440E-001   0.029576
    23        0.890000 4432.0  4.4146205E+06          1.6000   0.18104000   0.01820000  0.3361485  4.0530E-001   0.029625
    24        0.860000 4431.0  4.6152682E+06          1.5800   0.17859000   0.02010000  0.3577254  4.1540E-001   0.029909
    25        0.840000 4430.0  4.8159158E+06          1.5600   0.17606000   0.02206000  0.3771356  4.2420E-001   0.029863
    26        0.810000 4430.0  5.0165634E+06          1.5400   0.17355000   0.02395000  0.3946655  4.3200E-001   0.029578
    27        0.800000 4430.0  5.2172111E+06          1.5200   0.17109000   0.02576000  0.4151111  4.4090E-001   0.029287
    28        0.780000 4431.0  5.4178587E+06          1.5000   0.16842000   0.02775000  0.4326174  4.4830E-001   0.028744
    29        0.760000 4432.0  5.6185063E+06          1.4800   0.16589000   0.02956000  0.4492485  4.5520E-001   0.028083
    30        0.750000 4434.0  5.8191540E+06          1.4700   0.16324000   0.03145000  0.4667548  4.6230E-001   0.027924
    31        0.730000 4436.0  6.0198016E+06          1.4500   0.16060000   0.03332000  0.4833089  4.6900E-001   0.027114
    32        0.720000 4438.0  6.2204493E+06          1.4400   0.15803000   0.03509000  0.4976558  4.7470E-001   0.026769
    33        0.710000 4441.0  6.4210969E+06          1.4300   0.15549000   0.03680000  0.5131064  4.8070E-001   0.026378
    34        0.700000 4444.0  6.6217445E+06          1.4100   0.15287000   0.03857000  0.5274533  4.8620E-001   0.025385
    35        0.690000 4447.0  6.8223922E+06          1.4000   0.15034000   0.04022000  0.5438443  4.9250E-001   0.024916
    36        0.680000 4451.0  7.0230398E+06          1.3900   0.14773000   0.04193000  0.5575686  4.9760E-001   0.024387
    37        0.670000 4455.0  7.2236875E+06          1.3800   0.14517000   0.04357000  0.5696783  5.0210E-001   0.023838
    38        0.670000 4459.0  7.4243351E+06          1.3700   0.14271000   0.04508000  0.5842100  5.0750E-001   0.023262
    39        0.660000 4464.0  7.6249827E+06          1.3600   0.14013000   0.04669000  0.5963197  5.1200E-001   0.022679
    40        0.660000 4469.0  7.8256304E+06          1.3500   0.13770000   0.04813000  0.6096403  5.1670E-001   0.022050
    41        0.650000 4474.0  8.0262780E+06          1.3500   0.13518000   0.04964000  0.6229610  5.2170E-001   0.021782
    42        0.650000 4480.0  8.2269256E+06          1.3400   0.13269000   0.05109000  0.6342634  5.2560E-001   0.021272
    43        0.640000 4486.0  8.4275733E+06          1.3300   0.13028000   0.05245000  0.6458200  5.2960E-001   0.020619
    44        0.640000 4493.0  8.6282209E+06          1.3200   0.12779000   0.05386000  0.6560162  5.3320E-001   0.019993
    45        0.640000 4499.0  8.8288686E+06          1.3200   0.12532000   0.05524000  0.6675543  5.3720E-001   0.019649
    46        0.630000 4506.0  9.0295162E+06          1.3100   0.12286000   0.05660000  0.6778568  5.4080E-001   0.019139
    47        0.630000 4514.0  9.2301638E+06          1.3000   0.12049000   0.05784000  0.6895565  5.4480E-001   0.018462
    48        0.630000 4521.0  9.4308115E+06          1.3000   0.11812000   0.05906000  0.6997182  5.4840E-001   0.018246
    49        0.630000 4530.0  9.6314591E+06          1.2900   0.11581000   0.06020000  0.7099593  5.5200E-001   0.017600
    50        0.630000 4538.0  9.8321067E+06          1.2800   0.11358000   0.06126000  0.7189872  5.5490E-001   0.016969
    51        0.630000 4547.0  1.0032754E+07          1.2800   0.11115000   0.06249000  0.7284766  5.5810E-001   0.016731
    52        0.630000 4556.0  1.0233402E+07          1.2700   0.10882000   0.06359000  0.7386158  5.6160E-001   0.016087
    53        0.630000 4566.0  1.0434050E+07          1.2700   0.10659000   0.06460000  0.7479652  5.6470E-001   0.015834
    54        0.630000 4575.0  1.0634697E+07          1.2600   0.10438000   0.06554000  0.7578918  5.6810E-001   0.015196
    55        0.630000 4585.0  1.0835345E+07          1.2600   0.10216000   0.06650000  0.7684267  5.7200E-001   0.014915
    56        0.630000 4596.0  1.1035993E+07          1.2600   0.09992000   0.06745000  0.7751043  5.7390E-001   0.014700
    57        0.630000 4606.0  1.1236640E+07          1.2500   0.09776000   0.06829000  0.7843120  5.7690E-001   0.014076
    58        0.640000 4618.0  1.1437288E+07          1.2500   0.09550000   0.06923000  0.7918606  5.7950E-001   0.013849
    59        0.640000 4629.0  1.1637935E+07          1.2400   0.09331000   0.07009000  0.8012895  5.8270E-001   0.013232
    60        0.640000 4641.0  1.1838583E+07          1.2400   0.09120000   0.07084000  0.8086826  5.8510E-001   0.012995
    61        0.640000 4653.0  1.2039231E+07          1.2400   0.08911000   0.07157000  0.8178485  5.8820E-001   0.012699
    62        0.650000 4666.0  1.2239878E+07          1.2300   0.08707000   0.07223000  0.8255854  5.9100E-001   0.012152
    63        0.650000 4679.0  1.2440526E+07          1.2300   0.08494000   0.07297000  0.8329539  5.9350E-001   0.011908
    64        0.660000 4692.0  1.2641174E+07          1.2300   0.08296000   0.07356000  0.8395855  5.9550E-001   0.011675
    65        0.660000 4707.0  1.2841821E+07          1.2300   0.08097000   0.07412000  0.8476909  5.9870E-001   0.011411
    66        0.670000 4720.0  1.3042469E+07          1.2200   0.07893000   0.07474000  0.8550593  6.0130E-001   0.010885
    67        0.670000 4734.0  1.3243117E+07          1.2200   0.07705000   0.07517000  0.8624278  6.0330E-001   0.010610
    68        0.680000 4749.0  1.3443764E+07          1.2200   0.07510000   0.07567000  0.8697963  6.0600E-001   0.010353
    69        0.680000 4764.0  1.3644412E+07          1.2200   0.07316000   0.07615000  0.8745858  6.0750E-001   0.010175
    70        0.690000 4780.0  1.3845060E+07          1.2100   0.07145000   0.07637000  0.8815859  6.1000E-001   0.009679
    71        0.700000 4795.0  1.4045707E+07          1.2100   0.06945000   0.07688000  0.8878491  6.1200E-001   0.009447
    72        0.700000 4811.0  1.4246355E+07          1.2100   0.06761000   0.07722000  0.8948491  6.1460E-001   0.009193
    73        0.710000 4827.0  1.4447002E+07          1.2100   0.06577000   0.07755000  0.9011123  6.1670E-001   0.008957
    74        0.720000 4843.0  1.4647650E+07          1.2100   0.06400000   0.07779000  0.9081124  6.1950E-001   0.008699
    75        0.730000 4860.0  1.4848298E+07          1.2100   0.06228000   0.07797000  0.9140072  6.2130E-001   0.008466
    76        0.740000 4878.0  1.5048945E+07          1.2000   0.06048000   0.07822000  0.9191651  6.2340E-001   0.008068
    77        0.750000 4895.0  1.5249593E+07          1.2000   0.05882000   0.07833000  0.9257967  6.2610E-001   0.007819
    78        0.760000 4913.0  1.5450241E+07          1.2000   0.05718000   0.07840000  0.9309547  6.2740E-001   0.007607
    79        0.760000 4931.0  1.5650888E+07          1.2000   0.05537000   0.07864000  0.9357442  6.2940E-001   0.007425
    80        0.780000 4949.0  1.5851536E+07          1.2000   0.05375000   0.07867000  0.9414547  6.3130E-001   0.007195
    81        0.790000 4967.0  1.6052184E+07          1.2000   0.05214000   0.07869000  0.9479022  6.3420E-001   0.006946
    82        0.800000 4986.0  1.6252831E+07          1.2000   0.05050000   0.07872000  0.9523232  6.3600E-001   0.006769
    83        0.810000 5005.0  1.6453479E+07          1.2000   0.04903000   0.07857000  0.9574812  6.3760E-001   0.006553
    84        0.820000 5024.0  1.6654126E+07          1.2000   0.04736000   0.07862000  0.9619023  6.3960E-001   0.006376
    85        0.830000 5044.0  1.6854774E+07          1.2000   0.04584000   0.07853000  0.9677971  6.4230E-001   0.006137
    86        0.850000 5064.0  1.7055422E+07          1.2000   0.04433000   0.07839000  0.9714813  6.4350E-001   0.005979
    87        0.860000 5084.0  1.7256069E+07          1.2000   0.04285000   0.07824000  0.9766392  6.4560E-001   0.005762
    88        0.870000 5104.0  1.7456717E+07          1.2000   0.04141000   0.07803000  0.9817972  6.4770E-001   0.005543
    89        0.890000 5124.0  1.7657365E+07          1.2000   0.03996000   0.07782000  0.9856656  6.4950E-001   0.005380
    90        0.900000 5145.0  1.7858012E+07          1.2000   0.03859000   0.07754000  0.9921130  6.5370E-001   0.005118
    92        0.930000 5187.0  1.8259308E+07          1.2000   0.03576000   0.07704000  0.9992973  6.5590E-001   0.004793
    93        0.950000 5208.0  1.8459955E+07          1.2000   0.03452000   0.07660000  1.0028838  6.5780E-001   0.004638
    94        0.960000 5229.0  1.8660603E+07          1.2000   0.03315000   0.07631000  1.0073840  6.5990E-001   0.004439
    95        0.980000 5251.0  1.8861250E+07          1.2000   0.03183000   0.07594000  1.0109198  6.6200E-001   0.004285
    96        1.000000 5274.0  1.9061898E+07          1.2000   0.03054000   0.07556000  1.0151798  6.6420E-001   0.004095
    97        1.020000 5295.0  1.9262546E+07          1.2000   0.02930000   0.07511000  1.0186724  6.6650E-001   0.003941
    98        1.030000 5317.0  1.9463193E+07          1.2000   0.02809000   0.07466000  1.0225616  6.6840E-001   0.003763
    99        1.050000 5339.0  1.9663841E+07          1.2000   0.02689000   0.07418000  1.0257613  6.7060E-001   0.003620
   100        1.070000 5362.0  1.9864489E+07          1.2000   0.02569000   0.07370000  1.0295871  6.7290E-001   0.003446
   101        1.090000 5384.0  2.0065136E+07          1.2000   0.02460000   0.07313000  1.0325081  6.7500E-001   0.003313
   102        1.110000 5407.0  2.0265784E+07          1.2100   0.02345000   0.07260000  1.0369149  6.7910E-001   0.003140
   103        1.130000 5430.0  2.0466432E+07          1.2100   0.02233000   0.07206000  1.0397664  6.8020E-001   0.003053
   104        1.160000 5453.0  2.0667079E+07          1.2100   0.02125000   0.07149000  1.0422161  6.8200E-001   0.002936
   105        1.180000 5475.0  2.0867727E+07          1.2100   0.02020000   0.07089000  1.0454694  6.8460E-001   0.002780
   106        1.200000 5498.0  2.1068374E+07          1.2100   0.01917000   0.07029000  1.0487201  6.8760E-001   0.002624
   107        1.220000 5522.0  2.1269022E+07          1.2100   0.01817000   0.06966000  1.0515888  6.9010E-001   0.002484
   108        1.250000 5545.0  2.1469670E+07          1.2100   0.01721000   0.06901000  1.0543504  6.9270E-001   0.002349
   109        1.270000 5567.0  2.1670317E+07          1.2100   0.01626000   0.06836000  1.0569876  6.9540E-001   0.002220
   110        1.290000 5591.0  2.1870965E+07          1.2100   0.01535000   0.06770000  1.0594580  6.9810E-001   0.002098
   111        1.320000 5613.0  2.2071613E+07          1.2200   0.01446000   0.06702000  1.0623268  7.0150E-001   0.002004
   112        1.340000 5636.0  2.2272260E+07          1.2200   0.01360000   0.06637000  1.0644498  7.0420E-001   0.001895
   113        1.360000 5659.0  2.2472908E+07          1.2200   0.01278000   0.06570000  1.0668261  7.0740E-001   0.001772
   114        1.390000 5682.0  2.2673556E+07          1.2200   0.01200000   0.06502000  1.0688999  7.1030E-001   0.001665
   115        1.410000 5704.0  2.2874203E+07          1.2200   0.01124000   0.06437000  1.0712225  7.1400E-001   0.001543
   116        1.430000 5726.0  2.3074851E+07          1.2200   0.01052000   0.06372000  1.0731581  7.1720E-001   0.001441
   117        1.460000 5748.0  2.3275499E+07          1.2200   0.00983000   0.06310000  1.0751662  7.2090E-001   0.001335
   118        1.480000 5770.0  2.3476146E+07          1.2200   0.00920000   0.06250000  1.0768840  7.2420E-001   0.001244
   119        1.500000 5791.0  2.3676794E+07          1.2200   0.00859000   0.06194000  1.0784048  7.2750E-001   0.001162
   120        1.520000 5811.0  2.3877441E+07          1.2200   0.00801000   0.06141000  1.0800638  7.3130E-001   0.001073
   121        1.530000 5831.0  2.4078089E+07          1.2200   0.00726000   0.06116000  1.0821930  7.3910E-001   0.000956
   122        1.550000 5850.0  2.4278737E+07          1.2100   0.00676000   0.06072000  1.0835064  7.4310E-001   0.000862
   123        1.560000 5868.0  2.4479384E+07          1.2100   0.00631000   0.06033000  1.0846262  7.4650E-001   0.000802
   124        1.570000 5886.0  2.4680032E+07          1.2100   0.00590000   0.06002000  1.0857184  7.5030E-001   0.000743
   125        1.580000 5903.0  2.4880680E+07          1.2000   0.00555000   0.05972000  1.0866793  7.5380E-001   0.000674
   126        1.580000 5918.0  2.5081327E+07          1.2000   0.00520000   0.05954000  1.0876125  7.5760E-001   0.000624
   127        1.580000 5933.0  2.5281975E+07          1.1900   0.00490000   0.05940000  1.0883867  7.6090E-001   0.000568
   128        1.580000 5947.0  2.5482623E+07          1.1900   0.00467000   0.05928000  1.0889397  7.6310E-001   0.000540
   129        1.580000 5959.0  2.5683270E+07          1.1800   0.00447000   0.05921000  1.0894288  7.6490E-001   0.000502
   130        1.570000 5970.0  2.5883918E+07          1.1800   0.00428000   0.05924000  1.0899455  7.6760E-001   0.000458
   131        1.560000 5981.0  2.6084565E+07          1.1700   0.00410000   0.05933000  1.0903948  7.7010E-001   0.000441
   132        1.550000 5991.0  2.6285213E+07          1.1600   0.00395000   0.05949000  1.0907716  7.7230E-001   0.000411
   133        1.540000 5999.0  2.6485861E+07          1.1500   0.00382000   0.05970000  1.0911034  7.7450E-001   0.000384
   134        1.520000 6006.0  2.6686508E+07          1.1400   0.00372000   0.05997000  1.0913522  7.7610E-001   0.000363
   135        1.510000 6011.0  2.6887156E+07          1.1300   0.00364000   0.06029000  1.0915976  7.7810E-001   0.000342
   136        1.490000 6016.0  2.7087804E+07          1.1300   0.00358000   0.06065000  1.0917324  7.7920E-001   0.000336
   137        1.470000 6020.0  2.7288451E+07          1.1200   0.00353000   0.06106000  1.0918722  7.8060E-001   0.000320
   138        1.450000 6022.0  2.7489099E+07          1.1100   0.00351000   0.06151000  1.0919122  7.8120E-001   0.000310
   139        1.430000 6024.0  2.7689747E+07          1.1000   0.00349000   0.06198000  1.0919504  7.8200E-001   0.000300
   141        1.390000 6024.0  2.8091042E+07          1.0800   0.00351000   0.06301000  1.0919276  7.8300E-001   0.000284
   142        1.360000 6023.0  2.8291689E+07          1.0700   0.00353000   0.06354000  1.0918786  7.8330E-001   0.000277
   143        1.340000 6022.0  2.8492337E+07          1.0700   0.00356000   0.06408000  1.0918099  7.8350E-001   0.000279
   146        1.280000 6013.0  2.9094280E+07          1.0500   0.00366000   0.06570000  1.0916553  7.8500E-001   0.000268
   147        1.270000 6010.0  2.9294928E+07          1.0400   0.00371000   0.06619000  1.0914911  7.8450E-001   0.000266
   148        1.250000 6006.0  2.9495575E+07          1.0300   0.00377000   0.06667000  1.0913347  7.8400E-001   0.000263
   150        1.220000 5999.0  2.9896871E+07          1.0200   0.00390000   0.06756000  1.0910515  7.8340E-001   0.000264
   151        1.210000 5995.0  3.0097518E+07          1.0200   0.00396000   0.06798000  1.0908995  7.8300E-001   0.000269
   153        1.180000 5987.0  3.0498813E+07          1.0100   0.00408000   0.06874000  1.0906090  7.8230E-001   0.000270
   154        1.170000 5983.0  3.0699461E+07          1.0100   0.00414000   0.06908000  1.0904661  7.8190E-001   0.000274
   155        1.160000 5979.0  3.0900109E+07          1.0100   0.00420000   0.06941000  1.0903285  7.8160E-001   0.000279
   156        1.150000 5976.0  3.1100756E+07          1.0000   0.00426000   0.06970000  1.0902033  7.8130E-001   0.000274
   157        1.140000 5972.0  3.1301404E+07          1.0000   0.00430000   0.06998000  1.0900611  7.8090E-001   0.000278
   158        1.130000 5969.0  3.1502052E+07          1.0000   0.00435000   0.07021000  1.0899584  7.8060E-001   0.000281
   159        1.130000 5966.0  3.1702699E+07          1.0000   0.00440000   0.07041000  1.0898557  7.8040E-001   0.000284
   160        1.120000 5964.0  3.1903347E+07          0.9900   0.00444000   0.07060000  1.0897658  7.8020E-001   0.000278
   161        1.120000 5961.0  3.2103995E+07          0.9900   0.00447000   0.07078000  1.0896499  7.7980E-001   0.000282
   162        1.110000 5959.0  3.2304642E+07          0.9900   0.00451000   0.07093000  1.0895720  7.7960E-001   0.000284
   163        1.110000 5957.0  3.2505290E+07          0.9900   0.00456000   0.07105000  1.0894864  7.7930E-001   0.000287
   164        1.100000 5955.0  3.2705937E+07          0.9900   0.00458000   0.07118000  1.0894158  7.7910E-001   0.000289
   166        1.100000 5951.0  3.3107233E+07          0.9900   0.00463000   0.07139000  1.0892847  7.7870E-001   0.000293
   167        1.100000 5950.0  3.3307880E+07          0.9900   0.00465000   0.07146000  1.0892342  7.7860E-001   0.000294
   168        1.090000 5949.0  3.3508528E+07          0.9900   0.00467000   0.07153000  1.0891791  7.7840E-001   0.000296
   169        1.090000 5948.0  3.3709176E+07          0.9900   0.00469000   0.07158000  1.0891371  7.7830E-001   0.000297
   170        1.090000 5947.0  3.3909823E+07          0.9900   0.00470000   0.07162000  1.0890999  7.7820E-001   0.000298
   171        1.090000 5946.0  3.4110471E+07          0.9900   0.00471000   0.07165000  1.0890655  7.7810E-001   0.000299
   173        1.090000 5945.0  3.4511766E+07          0.9900   0.00473000   0.07168000  1.0890336  7.7800E-001   0.000300
   174        1.090000 5944.0  3.4712414E+07          0.9900   0.00475000   0.07167000  1.0890088  7.7790E-001   0.000301
   184        1.100000 5946.0  3.6718890E+07          0.9900   0.00472000   0.07140000  1.0890860  7.7810E-001   0.000298
   187        1.100000 5947.0  3.7320833E+07          0.9900   0.00470000   0.07127000  1.0891218  7.7800E-001   0.000297
   189        1.100000 5949.0  3.7722128E+07          0.9900   0.00468000   0.07117000  1.0891669  7.7810E-001   0.000296
   192        1.110000 5950.0  3.8324071E+07          0.9900   0.00465000   0.07104000  1.0892200  7.7820E-001   0.000295
   194        1.110000 5952.0  3.8725367E+07          0.9900   0.00463000   0.07095000  1.0892827  7.7840E-001   0.000293
   197        1.110000 5954.0  3.9327310E+07          0.9900   0.00460000   0.07083000  1.0893453  7.7850E-001   0.000291
   198        1.110000 5954.0  3.9527957E+07          0.9900   0.00459000   0.07080000  1.0893625  7.7860E-001   0.000290
   199        1.110000 5955.0  3.9728605E+07          0.9900   0.00459000   0.07075000  1.0893883  7.7870E-001   0.000290
   201        1.120000 5956.0  4.0129900E+07          0.9900   0.00456000   0.07069000  1.0894375  7.7880E-001   0.000288
   202        1.120000 5957.0  4.0330548E+07          0.9900   0.00455000   0.07066000  1.0894705  7.7900E-001   0.000287
   203        1.120000 5957.0  4.0531195E+07          0.9900   0.00454000   0.07063000  1.0894808  7.7890E-001   0.000287
   204        1.120000 5958.0  4.0731843E+07          0.9900   0.00453000   0.07060000  1.0895251  7.7920E-001   0.000286
   205        1.120000 5958.0  4.0932491E+07          0.9900   0.00452000   0.07057000  1.0895268  7.7910E-001   0.000286
   206        1.120000 5959.0  4.1133138E+07          1.0000   0.00452000   0.07054000  1.0895590  7.7930E-001   0.000279
   208        1.120000 5960.0  4.1534434E+07          1.0000   0.00450000   0.07049000  1.0895936  7.7940E-001   0.000278
   209        1.120000 5960.0  4.1735081E+07          1.0000   0.00449000   0.07046000  1.0896169  7.7950E-001   0.000292
   211        1.120000 5961.0  4.2136376E+07          1.0000   0.00447000   0.07041000  1.0896918  7.7980E-001   0.000289
   214        1.120000 5963.0  4.2738319E+07          1.0000   0.00446000   0.07033000  1.0897175  7.7980E-001   0.000289
   215        1.120000 5963.0  4.2938967E+07          1.0000   0.00445000   0.07032000  1.0897433  7.7990E-001   0.000288
   217        1.130000 5964.0  4.3340262E+07          1.0000   0.00444000   0.07028000  1.0897887  7.8010E-001   0.000286
   221        1.130000 5966.0  4.4142853E+07          1.0000   0.00441000   0.07022000  1.0899247  7.8090E-001   0.000282
   228        1.130000 5968.0  4.5547386E+07          1.0000   0.00439000   0.07013000  1.0899704  7.8090E-001   0.000281
   233        1.130000 5969.0  4.6550625E+07          1.0000   0.00436000   0.07010000  1.0900162  7.8100E-001   0.000280
   239        1.130000 5971.0  4.7754510E+07          1.0000   0.00433000   0.07004000  1.0901078  7.8150E-001   0.000277
   256        1.130000 5974.0  5.1165520E+07          1.0000   0.00428000   0.06990000  1.0902718  7.8230E-001   0.000272
   268        1.140000 5976.0  5.3573292E+07          1.0000   0.00425000   0.06982000  1.0903664  7.8270E-001   0.000269
   302        1.160000 5990.0  1.3582957E+08          1.0000   0.00403000   0.06895000  1.0907479  7.8370E-001   0.000257
   303        1.170000 5994.0  2.1023234E+08          1.0000   0.00397000   0.06859000  1.0909122  7.8420E-001   0.000253
   304        1.180000 5997.0  2.8395873E+08          1.0100   0.00392000   0.06827000  1.0910470  7.8470E-001   0.000256
   305        1.190000 6000.0  3.5745883E+08          1.0100   0.00388000   0.06797000  1.0911457  7.8490E-001   0.000253
   306        1.190000 6003.0  4.3070092E+08          1.0100   0.00384000   0.06768000  1.0912457  7.8520E-001   0.000250
   307        1.200000 6006.0  5.0365910E+08          1.0100   0.00379000   0.06739000  1.0913471  7.8550E-001   0.000247
   308        1.210000 6009.0  5.7642800E+08          1.0200   0.00375000   0.06711000  1.0914381  7.8570E-001   0.000252
   309        1.220000 6012.0  6.4900764E+08          1.0200   0.00370000   0.06684000  1.0915465  7.8600E-001   0.000248
   310        1.230000 6015.0  7.2130336E+08          1.0200   0.00366000   0.06657000  1.0916773  7.8670E-001   0.000244
   311        1.230000 6018.0  7.9339244E+08          1.0200   0.00362000   0.06628000  1.0917685  7.8690E-001   0.000241
   312        1.240000 6021.0  8.6522841E+08          1.0300   0.00358000   0.06601000  1.0918573  7.8710E-001   0.000246
   313        1.250000 6023.0  9.3679691E+08          1.0300   0.00354000   0.06573000  1.0919539  7.8750E-001   0.000242
   314        1.260000 6026.0  1.0081848E+09          1.0300   0.00350000   0.06546000  1.0920459  7.8770E-001   0.000240
   315        1.270000 6028.0  1.0792959E+09          1.0300   0.00347000   0.06518000  1.0921184  7.8780E-001   0.000237
   316        1.280000 6031.0  1.1501303E+09          1.0400   0.00346000   0.06488000  1.0921679  7.8760E-001   0.000243
   317        1.280000 6034.0  1.2207043E+09          1.0400   0.00342000   0.06461000  1.0922060  7.8730E-001   0.000242
   318        1.290000 6036.0  1.2910176E+09          1.0400   0.00338000   0.06434000  1.0922963  7.8760E-001   0.000239
   319        1.300000 6039.0  1.3610577E+09          1.0400   0.00334000   0.06407000  1.0923961  7.8790E-001   0.000236
   320        1.310000 6042.0  1.4308552E+09          1.0500   0.00330000   0.06379000  1.0925006  7.8850E-001   0.000239
   321        1.320000 6044.0  1.5003180E+09          1.0500   0.00326000   0.06352000  1.0925862  7.8870E-001   0.000236
   322        1.330000 6047.0  1.5695658E+09          1.0500   0.00322000   0.06325000  1.0926622  7.8890E-001   0.000233
   323        1.340000 6049.0  1.6384713E+09          1.0600   0.00319000   0.06298000  1.0927693  7.8940E-001   0.000225
   324        1.350000 6052.0  1.7071448E+09          1.0600   0.00316000   0.06270000  1.0928558  7.8970E-001   0.000233
   325        1.360000 6054.0  1.7754766E+09          1.0600   0.00312000   0.06243000  1.0929292  7.8990E-001   0.000231
   326        1.360000 6056.0  1.8435157E+09          1.0600   0.00308000   0.06217000  1.0929994  7.9000E-001   0.000228
   327        1.370000 6059.0  1.9111998E+09          1.0700   0.00304000   0.06190000  1.0931294  7.9090E-001   0.000230
   328        1.380000 6061.0  1.9786350E+09          1.0700   0.00301000   0.06163000  1.0932532  7.9170E-001   0.000225
   330        1.400000 6066.0  2.1125652E+09          1.0700   0.00294000   0.06109000  1.0933293  7.9120E-001   0.000223
   331        1.410000 6068.0  2.1790670E+09          1.0800   0.00291000   0.06083000  1.0934291  7.9180E-001   0.000226
   332        1.420000 6070.0  2.2452442E+09          1.0800   0.00288000   0.06056000  1.0935063  7.9210E-001   0.000223
   333        1.430000 6072.0  2.3110399E+09          1.0800   0.00285000   0.06029000  1.0935826  7.9240E-001   0.000220
   335        1.450000 6076.0  2.4417378E+09          1.0900   0.00279000   0.05976000  1.0937095  7.9270E-001   0.000222
   336        1.460000 6078.0  2.5065853E+09          1.0900   0.00275000   0.05950000  1.0937855  7.9300E-001   0.000219
   337        1.470000 6080.0  2.5711335E+09          1.1000   0.00272000   0.05924000  1.0938853  7.9360E-001   0.000221
   338        1.480000 6082.0  2.6352912E+09          1.1000   0.00270000   0.05897000  1.0939376  7.9370E-001   0.000219
   339        1.490000 6084.0  2.6992124E+09          1.1000   0.00266000   0.05872000  1.0940897  7.9510E-001   0.000212
   340        1.500000 6086.0  2.7627196E+09          1.1000   0.00263000   0.05846000  1.0941657  7.9550E-001   0.000209
   341        1.510000 6088.0  2.8259688E+09          1.1100   0.00260000   0.05820000  1.0941402  7.9450E-001   0.000217
   342        1.520000 6090.0  2.8888443E+09          1.1100   0.00259000   0.05793000  1.0941657  7.9420E-001   0.000216
   343        1.530000 6091.0  2.9514467E+09          1.1100   0.00258000   0.05765000  1.0941751  7.9360E-001   0.000216
   345        1.550000 6094.0  3.0756883E+09          1.1200   0.00255000   0.05711000  1.0942659  7.9370E-001   0.000219
   346        1.560000 6096.0  3.1373544E+09          1.1200   0.00252000   0.05686000  1.0943173  7.9380E-001   0.000216
   347        1.580000 6098.0  3.1988357E+09          1.1300   0.00249000   0.05661000  1.0943747  7.9390E-001   0.000220
   348        1.590000 6099.0  3.2601137E+09          1.1300   0.00247000   0.05635000  1.0944772  7.9490E-001   0.000215
   349        1.600000 6100.0  3.3211765E+09          1.1300   0.00246000   0.05608000  1.0945046  7.9460E-001   0.000215
   350        1.610000 6102.0  3.3820017E+09          1.1400   0.00243000   0.05584000  1.0945495  7.9470E-001   0.000218
   351        1.620000 6103.0  3.4426101E+09          1.1400   0.00240000   0.05559000  1.0946164  7.9510E-001   0.000215
   352        1.630000 6105.0  3.5030163E+09          1.1400   0.00238000   0.05533000  1.0946675  7.9520E-001   0.000213
   353        1.640000 6106.0  3.5632658E+09          1.1500   0.00236000   0.05508000  1.0947306  7.9560E-001   0.000216
   355        1.670000 6108.0  3.6832353E+09          1.1600   0.00232000   0.05457000  1.0947809  7.9520E-001   0.000210
   356        1.680000 6110.0  3.7429214E+09          1.1600   0.00230000   0.05431000  1.0949054  7.9660E-001   0.000214
   357        1.690000 6111.0  3.8024524E+09          1.1600   0.00228000   0.05407000  1.0949676  7.9690E-001   0.000211
   358        1.700000 6112.0  3.8618080E+09          1.1700   0.00226000   0.05380000  1.0949131  7.9540E-001   0.000220
   359        1.710000 6113.0  3.9210192E+09          1.1700   0.00224000   0.05355000  1.0949611  7.9560E-001   0.000218
   360        1.730000 6114.0  3.9799636E+09          1.1700   0.00223000   0.05330000  1.0949981  7.9570E-001   0.000216
   361        1.740000 6115.0  4.0387098E+09          1.1800   0.00220000   0.05305000  1.0951335  7.9740E-001   0.000215
   362        1.750000 6115.0  4.0972284E+09          1.1800   0.00219000   0.05280000  1.0950690  7.9570E-001   0.000219
   363        1.760000 6116.0  4.1554433E+09          1.1900   0.00217000   0.05254000  1.0951066  7.9580E-001   0.000222
   364        1.780000 6117.0  4.2133535E+09          1.1900   0.00216000   0.05230000  1.0951477  7.9590E-001   0.000220
   365        1.790000 6118.0  4.2709008E+09          1.1900   0.00215000   0.05205000  1.0951959  7.9620E-001   0.000218
   366        1.800000 6118.0  4.3280580E+09          1.2000   0.00213000   0.05181000  1.0952200  7.9600E-001   0.000223
   367        1.820000 6119.0  4.3847278E+09          1.2000   0.00212000   0.05156000  1.0952398  7.9580E-001   0.000222
   368        1.830000 6119.0  4.4407804E+09          1.2100   0.00210000   0.05133000  1.0952760  7.9600E-001   0.000226
   369        1.840000 6120.0  4.4962577E+09          1.2100   0.00209000   0.05109000  1.0952957  7.9580E-001   0.000225
   370        1.850000 6120.0  4.5510355E+09          1.2100   0.00208000   0.05085000  1.0953595  7.9650E-001   0.000221
   371        1.870000 6120.0  4.6049758E+09          1.2200   0.00207000   0.05063000  1.0954134  7.9700E-001   0.000224
   372        1.880000 6120.0  4.6580940E+09          1.2200   0.00206000   0.05041000  1.0953628  7.9570E-001   0.000227
   373        1.890000 6120.0  4.7102605E+09          1.2300   0.00205000   0.05019000  1.0953730  7.9550E-001   0.000232
   374        1.910000 6120.0  4.7614360E+09          1.2300   0.00205000   0.04998000  1.0953854  7.9540E-001   0.000232
   375        1.920000 6120.0  4.8115353E+09          1.2400   0.00204000   0.04978000  1.0953962  7.9520E-001   0.000227
   376        1.930000 6119.0  4.8605806E+09          1.2400   0.00204000   0.04959000  1.0954074  7.9510E-001   0.000237
   378        1.950000 6118.0  4.9554459E+09          1.2500   0.00203000   0.04922000  1.0954128  7.9470E-001   0.000242
   379        1.960000 6117.0  5.0014727E+09          1.2500   0.00204000   0.04904000  1.0954074  7.9450E-001   0.000243
   381        1.990000 6116.0  5.0917177E+09          1.2600   0.00205000   0.04871000  1.0953977  7.9400E-001   0.000250
   382        2.000000 6115.0  5.1362543E+09          1.2600   0.00204000   0.04856000  1.0953849  7.9360E-001   0.000251
   383        2.010000 6113.0  5.1807087E+09          1.2700   0.00204000   0.04839000  1.0953774  7.9340E-001   0.000257
   384        2.020000 6112.0  5.2253965E+09          1.2700   0.00205000   0.04824000  1.0953699  7.9320E-001   0.000258
   385        2.030000 6111.0  5.2707420E+09          1.2700   0.00205000   0.04808000  1.0953497  7.9280E-001   0.000259
   386        2.040000 6109.0  5.3172818E+09          1.2800   0.00206000   0.04791000  1.0953294  7.9230E-001   0.000267
   388        2.050000 6108.0  5.3646328E+09          1.2800   0.00208000   0.04773000  1.0953157  7.9200E-001   0.000268
   390        2.080000 6105.0  5.4593346E+09          1.2900   0.00208000   0.04739000  1.0952678  7.9100E-001   0.000278
   391        2.090000 6104.0  5.5066855E+09          1.3000   0.00209000   0.04721000  1.0952559  7.9070E-001   0.000285
   392        2.110000 6102.0  5.5540365E+09          1.3000   0.00209000   0.04702000  1.0952439  7.9030E-001   0.000286
   393        2.120000 6101.0  5.6013874E+09          1.3100   0.00210000   0.04682000  1.0952306  7.9000E-001   0.000294
   394        2.140000 6100.0  5.6487383E+09          1.3100   0.00210000   0.04663000  1.0952189  7.8960E-001   0.000295
   395        2.150000 6098.0  5.6960893E+09          1.3200   0.00213000   0.04639000  1.0952073  7.8920E-001   0.000303
   401        2.260000 6089.0  5.9801948E+09          1.3500   0.00215000   0.04509000  1.0951242  7.8660E-001   0.000332
   402        2.280000 6088.0  6.0275457E+09          1.3600   0.00213000   0.04487000  1.0951068  7.8610E-001   0.000341
   403        2.290000 6086.0  6.0748967E+09          1.3700   0.00214000   0.04465000  1.0950967  7.8580E-001   0.000350
   404        2.310000 6084.0  6.1222476E+09          1.3700   0.00215000   0.04442000  1.0950866  7.8540E-001   0.000351
   405        2.330000 6082.0  6.1695985E+09          1.3800   0.00216000   0.04419000  1.0950453  7.8460E-001   0.000362
   406        2.350000 6080.0  6.2169494E+09          1.3900   0.00217000   0.04396000  1.0950316  7.8420E-001   0.000372
   407        2.380000 6077.0  6.2643004E+09          1.3900   0.00218000   0.04372000  1.0950054  7.8370E-001   0.000374
   408        2.400000 6075.0  6.3116513E+09          1.4000   0.00219000   0.04349000  1.0949465  7.8260E-001   0.000388
   409        2.420000 6072.0  6.3590022E+09          1.4100   0.00221000   0.04326000  1.0949269  7.8230E-001   0.000398
   410        2.440000 6069.0  6.4063531E+09          1.4200   0.00223000   0.04303000  1.0948624  7.8120E-001   0.000413
   411        2.460000 6066.0  6.4537041E+09          1.4200   0.00225000   0.04280000  1.0948237  7.8060E-001   0.000416
   412        2.490000 6063.0  6.5010550E+09          1.4300   0.00226000   0.04257000  1.0947577  7.7950E-001   0.000432
   413        2.510000 6059.0  6.5484059E+09          1.4400   0.00230000   0.04233000  1.0947181  7.7900E-001   0.000444
   414        2.540000 6056.0  6.5957568E+09          1.4500   0.00232000   0.04210000  1.0946164  7.7750E-001   0.000464
   415        2.560000 6052.0  6.6431078E+09          1.4600   0.00235000   0.04186000  1.0945661  7.7690E-001   0.000479
   416        2.590000 6048.0  6.6904587E+09          1.4700   0.00237000   0.04164000  1.0944631  7.7550E-001   0.000499
   417        2.610000 6043.0  6.7378096E+09          1.4800   0.00241000   0.04141000  1.0944104  7.7500E-001   0.000515
   418        2.640000 6038.0  6.7851605E+09          1.4900   0.00246000   0.04118000  1.0942523  7.7290E-001   0.000542
   419        2.670000 6033.0  6.8325115E+09          1.5000   0.00251000   0.04095000  1.0941462  7.7170E-001   0.000565
   420        2.700000 6028.0  6.8798624E+09          1.5100   0.00255000   0.04073000  1.0940119  7.7020E-001   0.000591
   421        2.730000 6021.0  6.9272133E+09          1.5200   0.00261000   0.04051000  1.0938853  7.6890E-001   0.000617
   422        2.760000 6015.0  6.9745643E+09          1.5300   0.00268000   0.04029000  1.0936810  7.6670E-001   0.000653
   423        2.790000 6008.0  7.0219152E+09          1.5400   0.00274000   0.04008000  1.0935317  7.6540E-001   0.000682
   424        2.820000 6000.0  7.0692661E+09          1.5600   0.00282000   0.03987000  1.0933340  7.6350E-001   0.000733
   425        2.850000 5992.0  7.1166170E+09          1.5700   0.00291000   0.03967000  1.0930746  7.6110E-001   0.000779
   426        2.880000 5984.0  7.1639680E+09          1.5800   0.00301000   0.03947000  1.0927866  7.5850E-001   0.000830
   427        2.920000 5975.0  7.2113189E+09          1.6000   0.00314000   0.03928000  1.0924504  7.5570E-001   0.000905
   428        2.950000 5964.0  7.2586698E+09          1.6100   0.00326000   0.03909000  1.0921184  7.5310E-001   0.000965
   429        2.980000 5953.0  7.3060207E+09          1.6300   0.00342000   0.03891000  1.0916763  7.4980E-001   0.001060
   430        3.020000 5941.0  7.3533717E+09          1.6400   0.00360000   0.03873000  1.0912711  7.4730E-001   0.001135
   431        3.060000 5928.0  7.4007226E+09          1.6600   0.00379000   0.03859000  1.0906181  7.4270E-001   0.001268
   432        3.090000 5913.0  7.4480735E+09          1.6800   0.00403000   0.03845000  1.0900202  7.3900E-001   0.001401
   433        3.130000 5897.0  7.4954244E+09          1.7000   0.00432000   0.03831000  1.0891591  7.3400E-001   0.001579
   434        3.170000 5879.0  7.5427754E+09          1.7200   0.00465000   0.03820000  1.0882836  7.2920E-001   0.001768
   435        3.200000 5859.0  7.5901263E+09          1.7400   0.00506000   0.03811000  1.0870422  7.2310E-001   0.002023
   436        3.240000 5837.0  7.6374772E+09          1.7600   0.00554000   0.03806000  1.0856817  7.1680E-001   0.002308
   437        3.270000 5811.0  7.6848281E+09          1.7900   0.00616000   0.03802000  1.0837630  7.0920E-001   0.002742
   438        3.300000 5782.0  7.7321791E+09          1.8200   0.00693000   0.03804000  1.0815980  7.0130E-001   0.003245
   439        3.330000 5749.0  7.7795300E+09          1.8500   0.00786000   0.03815000  1.0783789  6.9140E-001   0.003915
   440        3.350000 5709.0  7.8268809E+09          1.8800   0.00928000   0.03816000  1.0743747  6.8010E-001   0.004846
   441        3.370000 5662.0  7.8742318E+09          1.9100   0.01118000   0.03824000  1.0676902  6.6430E-001   0.006225
   442        3.360000 5605.0  7.9215828E+09          1.9500   0.01381000   0.03843000  1.0597090  6.5000E-001   0.008003
   443        3.340000 5535.0  7.9689337E+09          1.9900   0.01819000   0.03811000  1.0423749  6.2110E-001   0.011224
   444        3.280000 5448.0  8.0162846E+09          2.0400   0.02450000   0.03768000  1.0209428  5.9690E-001   0.015299
   445        3.190000 5345.0  8.0636356E+09          2.0900   0.03410000   0.03646000  0.9792182  5.6120E-001   0.021853
   446        3.100000 5227.0  8.1109865E+09          2.1500   0.04776000   0.03391000  0.9245993  5.2660E-001   0.029575
   447        3.050000 5111.0  8.1583374E+09          2.2300   0.06485000   0.02948000  0.8523883  4.8990E-001   0.038720
   448        4.260000 4845.0  8.3790570E+09          2.9400   0.12262000   0.00546000  0.4523121  2.8850E-001   0.042017
   449        5.960000 4792.0  8.4965330E+09          3.5500   0.13092000   0.00139000  0.3305800  2.0050E-001   0.019764
   450        8.340000 4745.0  8.5874439E+09          4.2900   0.13253000   0.00041000  0.2779421  1.4490E-001   0.008625
   451       11.660000 4690.0  8.6560525E+09          5.1900   0.13150000   0.00014000  0.2581235  1.1040E-001   0.004275
   452       16.310000 4625.0  8.7072080E+09          6.3100   0.12924000   0.00006000  0.2526907  8.7800E-002   0.002512
   453       22.800000 4555.0  8.7454638E+09          7.7100   0.12632000   0.00003000  0.2536739  7.1330E-002   0.001628
   454       31.890000 4476.0  8.7749699E+09          9.4400   0.12298000   0.00001000  0.2578965  5.9020E-002   0.001148
   455       44.600000 4402.0  8.8263167E+09         11.5500   0.11663000   0.00001000  0.2791434  5.3760E-002   0.001234
   456       62.380000 4313.0  8.8434342E+09         14.2400   0.11276000   0.00001000  0.2865013  4.5250E-002   0.000958
   457       87.240000 4221.0  8.8564813E+09         17.6000   0.10855000   0.00000000  0.2956401  3.8520E-002   0.000787
   458      122.010000 4127.0  8.8663291E+09         21.8100   0.10407000   0.00000000  0.3060663  3.2870E-002   0.000658
   459      170.630000 4031.0  8.8736932E+09         27.0700   0.09942000   0.00000000  0.3175579  2.8030E-002   0.000548
   460      238.630000 3932.0  8.8792978E+09         33.7000   0.09466000   0.00000000  0.3302407  2.3590E-002   0.000430
   461      333.740000 3831.0  8.8835917E+09         42.0800   0.08988000   0.00000000  0.3442242  1.9740E-002   0.000330
   462      466.750000 3727.0  8.8869029E+09         52.7100   0.08523000   0.00000000  0.3596893  1.6220E-002   0.000233
   463      652.770000 3618.0  8.8895015E+09         66.3500   0.08087000   0.00000000  0.3771183  1.3120E-002   0.000153
   464      912.930000 3501.0  8.8915519E+09         84.1800   0.07700000   0.00000000  0.3967896  1.0410E-002   0.000093
   465     1276.770000 3374.0  8.8931865E+09        107.8400   0.07399000   0.00000000  0.4190868  8.1040E-003   0.000053
   466     1785.620000 3240.0  8.8945082E+09        139.5300   0.07225000   0.00000000  0.4446220  6.1820E-003   0.000028
   467     2497.260000 3100.0  8.8955985E+09        182.3800   0.07219000   0.00000000  0.4743843  4.6160E-003   0.000013
