 mod L/Lsol Teff t (year) Reff/Rsol k2conv k2rad Mrad/Msol Rrad/Reff
     1       44.650000 4234.0  1.4884355E+03         12.4900   0.18585000   0.00000000  0.0000000  0.0000E+000   0.000000
     2       15.110000 4452.0  1.6025660E+05          6.5600   0.19368000   0.00000000  0.0000000  0.0000E+000   0.000000
     3       12.410000 4481.0  3.1902476E+05          5.8700   0.19476000   0.00000000  0.0000000  0.0000E+000   0.000000
     4        7.050000 4548.0  4.7779292E+05          4.2900   0.19741000   0.00000000  0.0000000  0.0000E+000   0.000000
     5        5.240000 4571.0  6.3656108E+05          3.6600   0.19860000   0.00000000  0.0000000  0.0000E+000   0.000000
     6        4.270000 4580.0  7.9532925E+05          3.2900   0.19936000   0.00000000  0.0000000  0.0000E+000   0.000000
     7        3.640000 4583.0  9.5409741E+05          3.0300   0.19991000   0.00000000  0.0000000  0.0000E+000   0.000000
     8        3.190000 4583.0  1.1128656E+06          2.8400   0.20033000   0.00000000  0.0000000  0.0000E+000   0.000000
     9        2.860000 4582.0  1.2716337E+06          2.6900   0.20065000   0.00000000  0.0000000  0.0000E+000   0.000000
    10        2.600000 4580.0  1.4304019E+06          2.5700   0.20091000   0.00001000  0.0177610  1.3570E-001   0.001554
    11        2.380000 4576.0  1.5891701E+06          2.4600   0.20104000   0.00011000  0.0345574  1.7060E-001   0.004009
    12        2.190000 4573.0  1.7479382E+06          2.3700   0.20087000   0.00047000  0.0471325  1.9010E-001   0.005872
    13        2.020000 4568.0  1.9067064E+06          2.2800   0.20041000   0.00108000  0.0716758  2.2050E-001   0.010020
    14        1.880000 4563.0  2.0654745E+06          2.2000   0.19959000   0.00198000  0.1009264  2.4920E-001   0.014964
    15        1.760000 4559.0  2.2242427E+06          2.1300   0.19846000   0.00312000  0.1307375  2.7380E-001   0.019607
    16        1.660000 4554.0  2.3830109E+06          2.0800   0.19713000   0.00440000  0.1607269  2.9550E-001   0.024098
    17        1.570000 4550.0  2.5417790E+06          2.0200   0.19548000   0.00593000  0.1904893  3.1480E-001   0.027459
    18        1.500000 4547.0  2.7005472E+06          1.9800   0.19373000   0.00751000  0.2177333  3.3110E-001   0.030351
    19        1.430000 4544.0  2.8593154E+06          1.9300   0.19184000   0.00917000  0.2452025  3.4640E-001   0.032259
    20        1.370000 4541.0  3.0180835E+06          1.9000   0.18987000   0.01085000  0.2714596  3.6020E-001   0.034271
    21        1.320000 4538.0  3.1768517E+06          1.8600   0.18774000   0.01263000  0.2963968  3.7270E-001   0.035237
    22        1.270000 4537.0  3.3356198E+06          1.8300   0.18546000   0.01453000  0.3224053  3.8520E-001   0.036367
    23        1.230000 4535.0  3.4943880E+06          1.8000   0.18317000   0.01638000  0.3438360  3.9490E-001   0.036605
    24        1.190000 4534.0  3.6531562E+06          1.7700   0.18083000   0.01825000  0.3663418  4.0490E-001   0.036681
    25        1.160000 4534.0  3.8119243E+06          1.7500   0.17849000   0.02007000  0.3883754  4.1440E-001   0.037076
    26        1.120000 4534.0  3.9706925E+06          1.7200   0.17600000   0.02200000  0.4098362  4.2340E-001   0.036565
    27        1.100000 4534.0  4.1294607E+06          1.7000   0.17363000   0.02379000  0.4291603  4.3130E-001   0.036371
    28        1.070000 4535.0  4.2882288E+06          1.6800   0.17116000   0.02565000  0.4490408  4.3920E-001   0.036040
    29        1.050000 4536.0  4.4469970E+06          1.6600   0.16874000   0.02743000  0.4671820  4.4630E-001   0.035504
    30        1.030000 4537.0  4.6057651E+06          1.6400   0.16629000   0.02920000  0.4853232  4.5330E-001   0.034862
    31        1.010000 4539.0  4.7645333E+06          1.6300   0.16387000   0.03093000  0.5025096  4.5970E-001   0.034708
    32        0.990000 4541.0  4.9233015E+06          1.6100   0.16137000   0.03270000  0.5200273  4.6620E-001   0.033853
    33        0.970000 4544.0  5.0820696E+06          1.6000   0.15885000   0.03446000  0.5365793  4.7220E-001   0.033525
    34        0.960000 4546.0  5.2408378E+06          1.5800   0.15640000   0.03613000  0.5525294  4.7800E-001   0.032515
    35        0.950000 4550.0  5.3996060E+06          1.5700   0.15396000   0.03777000  0.5693823  4.8410E-001   0.032084
    36        0.930000 4553.0  5.5583741E+06          1.5600   0.15145000   0.03944000  0.5838277  4.8910E-001   0.031552
    37        0.920000 4557.0  5.7171423E+06          1.5500   0.14910000   0.04094000  0.5985629  4.9410E-001   0.030825
    38        0.910000 4561.0  5.8759104E+06          1.5300   0.14657000   0.04259000  0.6130919  4.9920E-001   0.029797
    39        0.900000 4565.0  6.0346786E+06          1.5200   0.14409000   0.04417000  0.6285015  5.0450E-001   0.029171
    40        0.890000 4570.0  6.1934468E+06          1.5100   0.14167000   0.04567000  0.6408291  5.0850E-001   0.028504
    41        0.890000 4575.0  6.3522149E+06          1.5000   0.13927000   0.04712000  0.6549178  5.1320E-001   0.027820
    42        0.880000 4580.0  6.5109831E+06          1.4900   0.13684000   0.04860000  0.6672454  5.1730E-001   0.027135
    43        0.870000 4586.0  6.6697513E+06          1.4800   0.13438000   0.05007000  0.6813341  5.2200E-001   0.026417
    44        0.870000 4592.0  6.8285194E+06          1.4800   0.13202000   0.05143000  0.6932215  5.2580E-001   0.026077
    45        0.860000 4598.0  6.9872876E+06          1.4700   0.12963000   0.05280000  0.7056214  5.2980E-001   0.025484
    46        0.860000 4604.0  7.1460557E+06          1.4600   0.12734000   0.05408000  0.7187054  5.3430E-001   0.024750
    47        0.860000 4611.0  7.3048239E+06          1.4500   0.12523000   0.05515000  0.7284889  5.3720E-001   0.024023
    48        0.850000 4618.0  7.4635921E+06          1.4500   0.12284000   0.05650000  0.7394956  5.4060E-001   0.023625
    49        0.850000 4625.0  7.6223602E+06          1.4400   0.12050000   0.05776000  0.7514493  5.4450E-001   0.023016
    50        0.850000 4633.0  7.7811284E+06          1.4300   0.11829000   0.05887000  0.7614463  5.4750E-001   0.022283
    51        0.850000 4641.0  7.9398966E+06          1.4300   0.11592000   0.06011000  0.7723953  5.5100E-001   0.022005
    52        0.840000 4649.0  8.0986647E+06          1.4200   0.11372000   0.06118000  0.7826660  5.5420E-001   0.021270
    53        0.840000 4658.0  8.2574329E+06          1.4100   0.11147000   0.06227000  0.7937506  5.5780E-001   0.020527
    54        0.840000 4667.0  8.4162010E+06          1.4100   0.10926000   0.06331000  0.8039586  5.6090E-001   0.020225
    55        0.840000 4676.0  8.5749692E+06          1.4000   0.10705000   0.06433000  0.8136240  5.6390E-001   0.019510
    56        0.850000 4686.0  8.7337374E+06          1.4000   0.10488000   0.06529000  0.8251181  5.6790E-001   0.019183
    57        0.850000 4696.0  8.8925055E+06          1.3900   0.10274000   0.06621000  0.8339596  5.7040E-001   0.018479
    58        0.850000 4705.0  9.0512737E+06          1.3900   0.10052000   0.06719000  0.8424746  5.7280E-001   0.018185
    59        0.850000 4716.0  9.2100419E+06          1.3800   0.09843000   0.06801000  0.8511554  5.7550E-001   0.017511
    60        0.850000 4726.0  9.3688100E+06          1.3800   0.09630000   0.06888000  0.8604943  5.7830E-001   0.017189
    61        0.860000 4738.0  9.5275782E+06          1.3800   0.09418000   0.06970000  0.8700800  5.8150E-001   0.016867
    62        0.860000 4749.0  9.6863463E+06          1.3700   0.09211000   0.07047000  0.8780845  5.8380E-001   0.016211
    63        0.860000 4761.0  9.8451145E+06          1.3700   0.09003000   0.07121000  0.8869775  5.8670E-001   0.015898
    64        0.870000 4773.0  1.0003883E+07          1.3700   0.08794000   0.07195000  0.8956948  5.8940E-001   0.015575
    65        0.870000 4785.0  1.0162651E+07          1.3600   0.08597000   0.07256000  0.9036195  5.9170E-001   0.014935
    66        0.880000 4798.0  1.0321419E+07          1.3600   0.08389000   0.07326000  0.9123367  5.9440E-001   0.014604
    67        0.880000 4811.0  1.0480187E+07          1.3600   0.08189000   0.07385000  0.9202615  5.9700E-001   0.014304
    68        0.890000 4824.0  1.0638955E+07          1.3500   0.08000000   0.07433000  0.9281862  5.9930E-001   0.013677
    69        0.900000 4837.0  1.0797723E+07          1.3500   0.07796000   0.07493000  0.9361110  6.0190E-001   0.013370
    70        0.900000 4852.0  1.0956492E+07          1.3500   0.07604000   0.07541000  0.9432432  6.0400E-001   0.013079
    71        0.910000 4866.0  1.1115260E+07          1.3500   0.07406000   0.07593000  0.9511680  6.0680E-001   0.012767
    72        0.920000 4880.0  1.1274028E+07          1.3400   0.07218000   0.07634000  0.9579040  6.0860E-001   0.012201
    73        0.930000 4895.0  1.1432796E+07          1.3400   0.07030000   0.07674000  0.9654325  6.1120E-001   0.011899
    74        0.940000 4910.0  1.1591564E+07          1.3400   0.06847000   0.07706000  0.9733573  6.1400E-001   0.011576
    75        0.950000 4925.0  1.1750332E+07          1.3400   0.06670000   0.07733000  0.9796971  6.1570E-001   0.011296
    76        0.960000 4941.0  1.1909101E+07          1.3400   0.06485000   0.07766000  0.9864331  6.1810E-001   0.011014
    77        0.970000 4956.0  1.2067869E+07          1.3400   0.06299000   0.07797000  0.9931691  6.2020E-001   0.010718
    78        0.980000 4972.0  1.2226637E+07          1.3400   0.06139000   0.07802000  0.9991127  6.2200E-001   0.010347
    79        0.990000 4989.0  1.2385405E+07          1.3300   0.05947000   0.07838000  1.0062450  6.2460E-001   0.009916
    80        1.000000 5006.0  1.2544173E+07          1.3300   0.05777000   0.07850000  1.0121885  6.2650E-001   0.009651
    81        1.010000 5023.0  1.2702941E+07          1.3300   0.05606000   0.07862000  1.0181321  6.2850E-001   0.009387
    82        1.030000 5040.0  1.2861710E+07          1.3300   0.05434000   0.07874000  1.0248681  6.3100E-001   0.009088
    83        1.040000 5057.0  1.3020478E+07          1.3300   0.05269000   0.07877000  1.0306136  6.3290E-001   0.008825
    84        1.050000 5075.0  1.3179246E+07          1.3300   0.05109000   0.07874000  1.0363590  6.3500E-001   0.008563
    85        1.070000 5093.0  1.3338014E+07          1.3300   0.04943000   0.07876000  1.0423026  6.3730E-001   0.008292
    86        1.080000 5111.0  1.3496782E+07          1.3300   0.04787000   0.07868000  1.0478499  6.3930E-001   0.008032
    87        1.100000 5129.0  1.3655550E+07          1.3300   0.04628000   0.07859000  1.0533972  6.4130E-001   0.007770
    88        1.120000 5148.0  1.3814319E+07          1.3300   0.04468000   0.07851000  1.0589445  6.4350E-001   0.007508
    89        1.130000 5166.0  1.3973087E+07          1.3300   0.04312000   0.07839000  1.0652843  6.4670E-001   0.007217
    90        1.150000 5186.0  1.4131855E+07          1.3300   0.04160000   0.07820000  1.0698411  6.4790E-001   0.006987
    91        1.170000 5205.0  1.4290623E+07          1.3300   0.04008000   0.07800000  1.0747940  6.5020E-001   0.006751
    92        1.190000 5225.0  1.4449391E+07          1.3300   0.03862000   0.07774000  1.0796479  6.5200E-001   0.006510
    93        1.210000 5245.0  1.4608159E+07          1.3300   0.03715000   0.07746000  1.0847000  6.5410E-001   0.006260
    94        1.230000 5265.0  1.4766928E+07          1.3400   0.03574000   0.07711000  1.0904803  6.5740E-001   0.006040
    95        1.250000 5286.0  1.4925696E+07          1.3400   0.03430000   0.07680000  1.0940345  6.5830E-001   0.005927
    96        1.270000 5306.0  1.5084464E+07          1.3400   0.03297000   0.07636000  1.0990103  6.6080E-001   0.005673
    97        1.300000 5328.0  1.5243232E+07          1.3400   0.03162000   0.07593000  1.1035699  6.6290E-001   0.005436
    98        1.320000 5348.0  1.5402000E+07          1.3400   0.03016000   0.07561000  1.1083593  6.6550E-001   0.005188
    99        1.350000 5369.0  1.5560768E+07          1.3400   0.02884000   0.07514000  1.1128554  6.6840E-001   0.004957
   100        1.370000 5391.0  1.5719537E+07          1.3500   0.02758000   0.07459000  1.1168718  6.7010E-001   0.004780
   101        1.400000 5413.0  1.5878305E+07          1.3500   0.02626000   0.07412000  1.1214609  6.7310E-001   0.004601
   102        1.420000 5435.0  1.6037073E+07          1.3500   0.02510000   0.07346000  1.1248970  6.7480E-001   0.004410
   103        1.450000 5457.0  1.6195841E+07          1.3500   0.02379000   0.07296000  1.1291922  6.7780E-001   0.004176
   104        1.480000 5479.0  1.6354609E+07          1.3500   0.02256000   0.07237000  1.1331031  6.8030E-001   0.003958
   105        1.510000 5501.0  1.6513377E+07          1.3600   0.02138000   0.07174000  1.1369424  6.8290E-001   0.003828
   106        1.540000 5524.0  1.6672145E+07          1.3600   0.02020000   0.07109000  1.1403672  6.8560E-001   0.003632
   107        1.580000 5547.0  1.6830914E+07          1.3600   0.01908000   0.07040000  1.1439927  6.8850E-001   0.003423
   108        1.610000 5569.0  1.6989682E+07          1.3700   0.01801000   0.06966000  1.1476615  6.9180E-001   0.003282
   109        1.640000 5592.0  1.7148450E+07          1.3700   0.01689000   0.06896000  1.1509394  6.9460E-001   0.003085
   110        1.680000 5615.0  1.7307218E+07          1.3700   0.01587000   0.06818000  1.1541558  6.9770E-001   0.002892
   111        1.710000 5638.0  1.7465986E+07          1.3800   0.01483000   0.06744000  1.1576739  7.0150E-001   0.002738
   112        1.750000 5662.0  1.7624754E+07          1.3800   0.01386000   0.06662000  1.1606475  7.0490E-001   0.002552
   113        1.790000 5685.0  1.7783523E+07          1.3800   0.01287000   0.06584000  1.1637459  7.0870E-001   0.002358
   114        1.830000 5709.0  1.7942291E+07          1.3900   0.01194000   0.06503000  1.1663883  7.1220E-001   0.002238
   115        1.870000 5732.0  1.8101059E+07          1.3900   0.01107000   0.06418000  1.1691148  7.1620E-001   0.002060
   116        1.910000 5756.0  1.8259827E+07          1.3900   0.01022000   0.06333000  1.1716518  7.2010E-001   0.001894
   117        1.950000 5780.0  1.8418595E+07          1.4000   0.00911000   0.06275000  1.1751444  7.2870E-001   0.001698
   118        1.990000 5804.0  1.8577363E+07          1.4000   0.00828000   0.06191000  1.1775244  7.3350E-001   0.001535
   119        2.030000 5828.0  1.8736132E+07          1.4000   0.00752000   0.06108000  1.1799231  7.3920E-001   0.001369
   120        2.070000 5852.0  1.8894900E+07          1.4000   0.00678000   0.06024000  1.1820331  7.4480E-001   0.001221
   121        2.110000 5876.0  1.9053668E+07          1.4100   0.00620000   0.05931000  1.1835295  7.4750E-001   0.001142
   122        2.150000 5900.0  1.9212436E+07          1.4100   0.00561000   0.05845000  1.1853662  7.5330E-001   0.001009
   123        2.190000 5924.0  1.9371204E+07          1.4100   0.00504000   0.05765000  1.1869386  7.5840E-001   0.000896
   124        2.230000 5947.0  1.9529972E+07          1.4100   0.00453000   0.05683000  1.1883879  7.6380E-001   0.000791
   125        2.260000 5970.0  1.9688741E+07          1.4100   0.00408000   0.05605000  1.1895861  7.6830E-001   0.000705
   126        2.300000 5992.0  1.9847509E+07          1.4100   0.00368000   0.05530000  1.1906737  7.7260E-001   0.000626
   127        2.330000 6014.0  2.0006277E+07          1.4100   0.00331000   0.05462000  1.1916909  7.7740E-001   0.000553
   128        2.350000 6036.0  2.0165045E+07          1.4100   0.00297000   0.05399000  1.1926454  7.8300E-001   0.000483
   129        2.370000 6057.0  2.0323813E+07          1.4000   0.00268000   0.05341000  1.1933889  7.8720E-001   0.000421
   130        2.390000 6077.0  2.0482581E+07          1.4000   0.00242000   0.05290000  1.1940699  7.9140E-001   0.000373
   131        2.410000 6096.0  2.0641350E+07          1.3900   0.00219000   0.05245000  1.1946624  7.9560E-001   0.000325
   132        2.420000 6115.0  2.0800118E+07          1.3900   0.00198000   0.05207000  1.1952128  8.0010E-001   0.000287
   133        2.420000 6133.0  2.0958886E+07          1.3800   0.00181000   0.05175000  1.1956546  8.0390E-001   0.000252
   134        2.430000 6150.0  2.1117654E+07          1.3800   0.00164000   0.05151000  1.1960640  8.0780E-001   0.000215
   135        2.420000 6167.0  2.1276422E+07          1.3700   0.00151000   0.05133000  1.1964094  8.1150E-001   0.000198
   136        2.420000 6182.0  2.1435190E+07          1.3600   0.00139000   0.05122000  1.1966920  8.1460E-001   0.000176
   137        2.400000 6197.0  2.1593959E+07          1.3500   0.00129000   0.05118000  1.1969959  8.1910E-001   0.000153
   138        2.390000 6210.0  2.1752727E+07          1.3400   0.00121000   0.05121000  1.1971541  8.2060E-001   0.000141
   139        2.370000 6222.0  2.1911495E+07          1.3300   0.00114000   0.05132000  1.1973149  8.2290E-001   0.000129
   140        2.350000 6232.0  2.2070263E+07          1.3200   0.00109000   0.05150000  1.1974551  8.2520E-001   0.000118
   141        2.320000 6241.0  2.2229031E+07          1.3100   0.00105000   0.05174000  1.1975774  8.2750E-001   0.000109
   142        2.290000 6249.0  2.2387799E+07          1.3000   0.00101000   0.05205000  1.1976497  8.2880E-001   0.000096
   143        2.260000 6256.0  2.2546567E+07          1.2800   0.00098000   0.05242000  1.1977296  8.3070E-001   0.000093
   144        2.230000 6261.0  2.2705336E+07          1.2700   0.00097000   0.05283000  1.1977577  8.3150E-001   0.000090
   145        2.190000 6265.0  2.2864104E+07          1.2600   0.00096000   0.05329000  1.1977813  8.3240E-001   0.000086
   149        2.050000 6270.0  2.3499176E+07          1.2200   0.00099000   0.05543000  1.1977100  8.3330E-001   0.000080
   151        1.990000 6266.0  2.3816713E+07          1.2000   0.00103000   0.05647000  1.1976438  8.3350E-001   0.000079
   153        1.930000 6262.0  2.4134249E+07          1.1800   0.00107000   0.05751000  1.1975293  8.3280E-001   0.000079
   154        1.910000 6259.0  2.4293017E+07          1.1800   0.00111000   0.05802000  1.1974704  8.3250E-001   0.000081
   155        1.880000 6256.0  2.4451785E+07          1.1700   0.00114000   0.05853000  1.1973815  8.3150E-001   0.000082
   156        1.850000 6252.0  2.4610554E+07          1.1600   0.00116000   0.05905000  1.1973079  8.3100E-001   0.000082
   157        1.830000 6249.0  2.4769322E+07          1.1600   0.00120000   0.05954000  1.1972652  8.3130E-001   0.000083
   158        1.810000 6245.0  2.4928090E+07          1.1500   0.00123000   0.06001000  1.1971891  8.3080E-001   0.000084
   159        1.780000 6241.0  2.5086858E+07          1.1500   0.00126000   0.06047000  1.1970676  8.2920E-001   0.000082
   160        1.760000 6238.0  2.5245626E+07          1.1400   0.00129000   0.06089000  1.1969852  8.2860E-001   0.000088
   161        1.740000 6234.0  2.5404394E+07          1.1400   0.00133000   0.06130000  1.1969096  8.2810E-001   0.000085
   162        1.730000 6230.0  2.5563163E+07          1.1300   0.00137000   0.06168000  1.1968261  8.2740E-001   0.000091
   163        1.710000 6226.0  2.5721931E+07          1.1300   0.00139000   0.06205000  1.1967508  8.2690E-001   0.000094
   164        1.700000 6223.0  2.5880699E+07          1.1200   0.00142000   0.06238000  1.1966727  8.2630E-001   0.000094
   165        1.680000 6220.0  2.6039467E+07          1.1200   0.00145000   0.06267000  1.1966033  8.2590E-001   0.000096
   166        1.670000 6216.0  2.6198235E+07          1.1200   0.00148000   0.06294000  1.1965574  8.2580E-001   0.000097
   167        1.660000 6214.0  2.6357003E+07          1.1100   0.00151000   0.06318000  1.1964829  8.2510E-001   0.000097
   168        1.650000 6211.0  2.6515772E+07          1.1100   0.00153000   0.06339000  1.1964107  8.2440E-001   0.000099
   169        1.640000 6209.0  2.6674540E+07          1.1100   0.00155000   0.06358000  1.1963603  8.2410E-001   0.000101
   170        1.640000 6207.0  2.6833308E+07          1.1100   0.00157000   0.06374000  1.1963277  8.2400E-001   0.000102
   171        1.630000 6205.0  2.6992076E+07          1.1100   0.00159000   0.06388000  1.1962634  8.2330E-001   0.000104
   172        1.630000 6203.0  2.7150844E+07          1.1100   0.00161000   0.06397000  1.1962346  8.2320E-001   0.000105
   173        1.620000 6202.0  2.7309612E+07          1.1100   0.00162000   0.06406000  1.1962104  8.2300E-001   0.000106
   174        1.620000 6201.0  2.7468381E+07          1.1100   0.00163000   0.06410000  1.1961772  8.2270E-001   0.000100
   175        1.620000 6200.0  2.7627149E+07          1.1100   0.00163000   0.06415000  1.1961617  8.2260E-001   0.000100
   176        1.620000 6200.0  2.7785917E+07          1.1000   0.00164000   0.06416000  1.1961483  8.2240E-001   0.000105
   178        1.620000 6199.0  2.8103453E+07          1.1100   0.00165000   0.06414000  1.1961422  8.2240E-001   0.000101
   181        1.620000 6200.0  2.8579758E+07          1.1100   0.00163000   0.06401000  1.1961801  8.2280E-001   0.000107
   182        1.620000 6201.0  2.8738526E+07          1.1100   0.00162000   0.06394000  1.1961827  8.2260E-001   0.000107
   183        1.630000 6202.0  2.8897294E+07          1.1100   0.00161000   0.06387000  1.1962027  8.2280E-001   0.000106
   184        1.630000 6203.0  2.9056062E+07          1.1100   0.00161000   0.06378000  1.1962246  8.2300E-001   0.000105
   185        1.630000 6204.0  2.9214830E+07          1.1100   0.00160000   0.06369000  1.1962947  8.2400E-001   0.000103
   187        1.640000 6206.0  2.9532367E+07          1.1100   0.00157000   0.06350000  1.1963022  8.2350E-001   0.000103
   188        1.640000 6207.0  2.9691135E+07          1.1100   0.00156000   0.06340000  1.1963352  8.2380E-001   0.000102
   189        1.650000 6209.0  2.9849903E+07          1.1100   0.00155000   0.06330000  1.1963797  8.2430E-001   0.000100
   190        1.650000 6210.0  3.0008671E+07          1.1100   0.00154000   0.06320000  1.1964094  8.2450E-001   0.000099
   191        1.660000 6212.0  3.0167439E+07          1.1100   0.00152000   0.06309000  1.1964660  8.2530E-001   0.000097
   193        1.660000 6215.0  3.0484976E+07          1.1200   0.00150000   0.06288000  1.1965055  8.2530E-001   0.000093
   194        1.670000 6216.0  3.0643744E+07          1.1200   0.00148000   0.06278000  1.1965314  8.2540E-001   0.000098
   195        1.670000 6218.0  3.0802512E+07          1.1200   0.00147000   0.06267000  1.1965623  8.2560E-001   0.000097
   196        1.670000 6220.0  3.0961280E+07          1.1200   0.00146000   0.06258000  1.1966074  8.2620E-001   0.000096
   197        1.680000 6221.0  3.1120048E+07          1.1200   0.00144000   0.06248000  1.1966348  8.2640E-001   0.000095
   198        1.680000 6223.0  3.1278816E+07          1.1200   0.00143000   0.06238000  1.1966521  8.2630E-001   0.000094
   199        1.690000 6224.0  3.1437585E+07          1.1200   0.00142000   0.06229000  1.1966844  8.2660E-001   0.000093
   200        1.690000 6226.0  3.1596353E+07          1.1200   0.00141000   0.06219000  1.1967527  8.2770E-001   0.000091
   201        1.690000 6228.0  3.1755121E+07          1.1200   0.00140000   0.06211000  1.1967469  8.2720E-001   0.000091
   202        1.700000 6229.0  3.1913889E+07          1.1200   0.00138000   0.06203000  1.1967787  8.2750E-001   0.000090
   203        1.700000 6231.0  3.2072657E+07          1.1200   0.00137000   0.06194000  1.1968103  8.2780E-001   0.000089
   204        1.700000 6232.0  3.2231425E+07          1.1200   0.00136000   0.06186000  1.1968328  8.2800E-001   0.000088
   205        1.700000 6234.0  3.2390194E+07          1.1200   0.00135000   0.06177000  1.1968890  8.2880E-001   0.000086
   207        1.710000 6237.0  3.2707730E+07          1.1200   0.00133000   0.06163000  1.1969174  8.2880E-001   0.000086
   208        1.710000 6238.0  3.2866498E+07          1.1200   0.00131000   0.06156000  1.1969442  8.2900E-001   0.000085
   209        1.710000 6239.0  3.3025266E+07          1.1200   0.00131000   0.06150000  1.1969749  8.2950E-001   0.000084
   210        1.720000 6241.0  3.3184034E+07          1.1200   0.00129000   0.06143000  1.1970048  8.2980E-001   0.000083
   211        1.720000 6242.0  3.3342803E+07          1.1200   0.00129000   0.06137000  1.1970334  8.3020E-001   0.000082
   212        1.720000 6244.0  3.3501571E+07          1.1200   0.00127000   0.06131000  1.1970405  8.3000E-001   0.000082
   213        1.720000 6245.0  3.3660339E+07          1.1200   0.00127000   0.06125000  1.1971018  8.3120E-001   0.000080
   215        1.730000 6247.0  3.3977875E+07          1.1200   0.00125000   0.06115000  1.1971568  8.3190E-001   0.000078
   216        1.730000 6249.0  3.4136643E+07          1.1200   0.00124000   0.06109000  1.1971362  8.3120E-001   0.000079
   218        1.730000 6251.0  3.4454180E+07          1.1200   0.00122000   0.06100000  1.1971707  8.3150E-001   0.000078
   219        1.730000 6252.0  3.4612948E+07          1.1200   0.00122000   0.06095000  1.1972680  8.3350E-001   0.000074
   224        1.740000 6257.0  3.5406789E+07          1.1200   0.00119000   0.06076000  1.1972969  8.3290E-001   0.000074
   226        1.740000 6259.0  3.5724325E+07          1.1200   0.00118000   0.06072000  1.1973258  8.3330E-001   0.000073
   228        1.740000 6261.0  3.6041861E+07          1.1200   0.00116000   0.06069000  1.1973759  8.3420E-001   0.000071
   235        1.740000 6265.0  3.7153238E+07          1.1200   0.00115000   0.06061000  1.1974009  8.3420E-001   0.000070
   239        1.740000 6267.0  3.7788311E+07          1.1200   0.00113000   0.06060000  1.1975006  8.3650E-001   0.000067
   260        1.740000 6272.0  4.1122442E+07          1.1200   0.00111000   0.06053000  1.1975547  8.3700E-001   0.000065
   271        1.740000 6274.0  4.2868892E+07          1.1200   0.00108000   0.06052000  1.1975277  8.3590E-001   0.000066
   285        1.740000 6276.0  4.5091647E+07          1.1200   0.00108000   0.06046000  1.1975547  8.3630E-001   0.000065
   302        1.760000 6287.0  8.1647232E+07          1.1200   0.00101000   0.05994000  1.1977380  8.3920E-001   0.000059
   303        1.770000 6291.0  1.1541940E+08          1.1200   0.00098000   0.05966000  1.1977647  8.3910E-001   0.000059
   304        1.780000 6293.0  1.4858761E+08          1.1200   0.00097000   0.05945000  1.1978140  8.3980E-001   0.000057
   305        1.780000 6295.0  1.8150014E+08          1.1300   0.00095000   0.05925000  1.1978571  8.4050E-001   0.000057
   307        1.800000 6298.0  2.4674688E+08          1.1300   0.00093000   0.05889000  1.1979504  8.4230E-001   0.000054
   308        1.810000 6300.0  2.7900884E+08          1.1300   0.00092000   0.05872000  1.1979039  8.4040E-001   0.000056
   309        1.810000 6301.0  3.1104654E+08          1.1300   0.00091000   0.05855000  1.1979281  8.4060E-001   0.000055
   310        1.820000 6303.0  3.4280290E+08          1.1300   0.00090000   0.05838000  1.1979462  8.4080E-001   0.000055
   311        1.830000 6304.0  3.7433155E+08          1.1400   0.00089000   0.05823000  1.1980076  8.4220E-001   0.000054
   313        1.840000 6307.0  4.3663185E+08          1.1400   0.00088000   0.05791000  1.1980292  8.4200E-001   0.000054
   315        1.860000 6309.0  4.9796502E+08          1.1400   0.00086000   0.05760000  1.1980804  8.4280E-001   0.000052
   317        1.870000 6312.0  5.5836955E+08          1.1500   0.00084000   0.05730000  1.1980881  8.4220E-001   0.000053
   318        1.880000 6313.0  5.8825365E+08          1.1500   0.00083000   0.05715000  1.1981402  8.4350E-001   0.000051
   320        1.890000 6316.0  6.4730363E+08          1.1500   0.00081000   0.05685000  1.1981558  8.4320E-001   0.000051
   321        1.900000 6317.0  6.7650309E+08          1.1500   0.00081000   0.05671000  1.1981937  8.4410E-001   0.000050
   323        1.910000 6319.0  7.3423473E+08          1.1600   0.00079000   0.05642000  1.1982317  8.4460E-001   0.000050
   325        1.930000 6321.0  7.9115694E+08          1.1600   0.00078000   0.05614000  1.1982618  8.4490E-001   0.000049
   326        1.930000 6322.0  8.1929459E+08          1.1600   0.00077000   0.05600000  1.1982694  8.4470E-001   0.000049
   328        1.950000 6325.0  8.7488751E+08          1.1600   0.00076000   0.05572000  1.1982863  8.4470E-001   0.000048
   329        1.950000 6326.0  9.0235771E+08          1.1700   0.00075000   0.05559000  1.1983083  8.4510E-001   0.000049
   330        1.960000 6327.0  9.2972307E+08          1.1700   0.00074000   0.05545000  1.1983573  8.4650E-001   0.000047
   331        1.970000 6328.0  9.5694701E+08          1.1700   0.00074000   0.05531000  1.1983328  8.4520E-001   0.000048
   332        1.970000 6329.0  9.8410941E+08          1.1700   0.00073000   0.05518000  1.1983471  8.4530E-001   0.000048
   333        1.980000 6330.0  1.0111487E+09          1.1700   0.00073000   0.05504000  1.1983685  8.4580E-001   0.000047
   335        1.990000 6332.0  1.0649553E+09          1.1800   0.00071000   0.05478000  1.1984172  8.4690E-001   0.000046
   338        2.010000 6335.0  1.1449244E+09          1.1800   0.00069000   0.05438000  1.1984573  8.4740E-001   0.000045
   339        2.020000 6335.0  1.1713755E+09          1.1800   0.00069000   0.05425000  1.1984650  8.4730E-001   0.000045
   341        2.030000 6338.0  1.2240444E+09          1.1900   0.00068000   0.05399000  1.1984764  8.4710E-001   0.000046
   343        2.050000 6339.0  1.2763700E+09          1.1900   0.00067000   0.05373000  1.1985042  8.4750E-001   0.000045
   344        2.050000 6340.0  1.3024007E+09          1.1900   0.00066000   0.05360000  1.1985287  8.4810E-001   0.000044
   346        2.070000 6342.0  1.3541963E+09          1.1900   0.00065000   0.05334000  1.1985348  8.4770E-001   0.000044
   347        2.080000 6343.0  1.3799586E+09          1.2000   0.00064000   0.05322000  1.1985507  8.4800E-001   0.000044
   348        2.080000 6343.0  1.4056041E+09          1.2000   0.00064000   0.05308000  1.1985746  8.4870E-001   0.000043
   350        2.100000 6345.0  1.4566847E+09          1.2000   0.00063000   0.05283000  1.1985865  8.4850E-001   0.000043
   351        2.100000 6346.0  1.4820685E+09          1.2000   0.00062000   0.05271000  1.1986151  8.4930E-001   0.000042
   352        2.110000 6347.0  1.5073946E+09          1.2000   0.00062000   0.05258000  1.1986171  8.4910E-001   0.000042
   354        2.120000 6348.0  1.5577318E+09          1.2100   0.00061000   0.05234000  1.1986294  8.4900E-001   0.000043
   355        2.130000 6349.0  1.5827522E+09          1.2100   0.00060000   0.05221000  1.1986417  8.4920E-001   0.000042
   356        2.140000 6349.0  1.6076850E+09          1.2100   0.00060000   0.05209000  1.1986653  8.4990E-001   0.000041
   357        2.150000 6350.0  1.6325238E+09          1.2100   0.00060000   0.05197000  1.1986680  8.4970E-001   0.000041
   358        2.150000 6351.0  1.6572657E+09          1.2200   0.00060000   0.05184000  1.1986825  8.5000E-001   0.000039
   359        2.160000 6351.0  1.6818956E+09          1.2200   0.00059000   0.05172000  1.1986788  8.4960E-001   0.000042
   360        2.170000 6352.0  1.7064694E+09          1.2200   0.00058000   0.05160000  1.1987341  8.5180E-001   0.000039
   361        2.170000 6353.0  1.7309265E+09          1.2200   0.00058000   0.05148000  1.1987228  8.5090E-001   0.000040
   363        2.190000 6354.0  1.7795046E+09          1.2200   0.00057000   0.05124000  1.1987355  8.5100E-001   0.000040
   365        2.200000 6355.0  1.8277452E+09          1.2300   0.00056000   0.05101000  1.1987574  8.5130E-001   0.000040
   368        2.230000 6357.0  1.8992977E+09          1.2300   0.00055000   0.05065000  1.1987628  8.5070E-001   0.000040
   369        2.230000 6357.0  1.9229893E+09          1.2300   0.00055000   0.05053000  1.1987711  8.5090E-001   0.000040
   370        2.240000 6358.0  1.9465128E+09          1.2400   0.00054000   0.05042000  1.1988245  8.5310E-001   0.000038
   371        2.250000 6358.0  1.9699670E+09          1.2400   0.00054000   0.05030000  1.1987906  8.5120E-001   0.000040
   372        2.250000 6359.0  1.9933216E+09          1.2400   0.00054000   0.05019000  1.1988047  8.5160E-001   0.000039
   374        2.270000 6360.0  2.0396830E+09          1.2400   0.00053000   0.04996000  1.1988153  8.5160E-001   0.000039
   375        2.280000 6360.0  2.0626833E+09          1.2500   0.00053000   0.04985000  1.1988259  8.5190E-001   0.000036
   376        2.280000 6361.0  2.0856093E+09          1.2500   0.00052000   0.04974000  1.1988697  8.5380E-001   0.000037
   377        2.290000 6361.0  2.1083796E+09          1.2500   0.00052000   0.04963000  1.1988329  8.5170E-001   0.000039
   378        2.300000 6361.0  2.1310609E+09          1.2500   0.00052000   0.04952000  1.1988451  8.5200E-001   0.000039
   380        2.310000 6362.0  2.1760680E+09          1.2500   0.00051000   0.04930000  1.1988569  8.5210E-001   0.000038
   381        2.320000 6362.0  2.1984305E+09          1.2600   0.00051000   0.04919000  1.1988746  8.5280E-001   0.000038
   382        2.330000 6363.0  2.2206147E+09          1.2600   0.00051000   0.04908000  1.1988658  8.5200E-001   0.000039
   383        2.330000 6363.0  2.2427292E+09          1.2600   0.00050000   0.04898000  1.1988925  8.5320E-001   0.000038
   387        2.370000 6364.0  2.3629724E+09          1.2700   0.00049000   0.04840000  1.1989023  8.5240E-001   0.000038
   388        2.390000 6365.0  2.4168826E+09          1.2800   0.00048000   0.04814000  1.1989149  8.5250E-001   0.000036
   389        2.410000 6365.0  2.4698062E+09          1.2800   0.00048000   0.04789000  1.1989304  8.5280E-001   0.000038
   390        2.430000 6365.0  2.5218040E+09          1.2800   0.00047000   0.04765000  1.1989379  8.5270E-001   0.000038
   391        2.450000 6365.0  2.5727922E+09          1.2900   0.00047000   0.04741000  1.1989601  8.5350E-001   0.000038
   392        2.460000 6365.0  2.6226739E+09          1.2900   0.00047000   0.04718000  1.1989539  8.5270E-001   0.000038
   393        2.480000 6365.0  2.6714776E+09          1.3000   0.00046000   0.04696000  1.1989601  8.5260E-001   0.000039
   394        2.500000 6364.0  2.7191607E+09          1.3000   0.00046000   0.04674000  1.1989714  8.5290E-001   0.000039
   398        2.560000 6361.0  2.8984619E+09          1.3200   0.00046000   0.04598000  1.1989778  8.5220E-001   0.000040
   399        2.580000 6360.0  2.9407648E+09          1.3300   0.00046000   0.04581000  1.1989757  8.5200E-001   0.000038
   400        2.590000 6359.0  2.9821974E+09          1.3300   0.00046000   0.04564000  1.1989746  8.5180E-001   0.000041
   401        2.610000 6358.0  3.0228449E+09          1.3300   0.00046000   0.04549000  1.1989717  8.5150E-001   0.000042
   402        2.620000 6356.0  3.0627960E+09          1.3400   0.00046000   0.04533000  1.1989681  8.5120E-001   0.000043
   403        2.630000 6354.0  3.1022150E+09          1.3400   0.00046000   0.04519000  1.1989641  8.5100E-001   0.000043
   404        2.650000 6353.0  3.1412249E+09          1.3500   0.00046000   0.04504000  1.1989624  8.5090E-001   0.000044
   405        2.660000 6351.0  3.1800092E+09          1.3500   0.00047000   0.04490000  1.1989523  8.5030E-001   0.000045
   406        2.670000 6349.0  3.2188567E+09          1.3600   0.00047000   0.04476000  1.1989463  8.5000E-001   0.000043
   407        2.690000 6347.0  3.2580355E+09          1.3600   0.00047000   0.04462000  1.1989386  8.4970E-001   0.000047
   408        2.700000 6344.0  3.2980018E+09          1.3600   0.00048000   0.04448000  1.1989277  8.4910E-001   0.000047
   410        2.730000 6340.0  3.3826526E+09          1.3700   0.00049000   0.04417000  1.1989105  8.4830E-001   0.000049
   411        2.750000 6337.0  3.4292970E+09          1.3800   0.00049000   0.04399000  1.1989017  8.4790E-001   0.000051
   412        2.770000 6335.0  3.4695915E+09          1.3900   0.00049000   0.04383000  1.1988966  8.4760E-001   0.000049
   415        2.830000 6329.0  3.5904752E+09          1.4000   0.00050000   0.04330000  1.1988801  8.4650E-001   0.000055
   417        2.870000 6325.0  3.6710644E+09          1.4100   0.00050000   0.04291000  1.1988719  8.4580E-001   0.000057
   418        2.890000 6323.0  3.7113589E+09          1.4200   0.00050000   0.04271000  1.1988698  8.4550E-001   0.000058
   419        2.910000 6322.0  3.7516535E+09          1.4300   0.00050000   0.04250000  1.1988670  8.4520E-001   0.000056
   420        2.930000 6320.0  3.7919481E+09          1.4300   0.00050000   0.04230000  1.1988643  8.4480E-001   0.000060
   421        2.950000 6318.0  3.8322426E+09          1.4400   0.00050000   0.04209000  1.1988618  8.4450E-001   0.000061
   422        2.980000 6316.0  3.8725372E+09          1.4400   0.00050000   0.04187000  1.1988594  8.4420E-001   0.000062
   423        3.000000 6315.0  3.9128318E+09          1.4500   0.00050000   0.04165000  1.1988552  8.4380E-001   0.000063
   424        3.030000 6312.0  3.9531263E+09          1.4600   0.00051000   0.04143000  1.1988533  8.4350E-001   0.000065
   425        3.050000 6310.0  3.9934209E+09          1.4700   0.00051000   0.04121000  1.1988500  8.4320E-001   0.000063
   428        3.130000 6303.0  4.1143046E+09          1.4900   0.00051000   0.04054000  1.1988384  8.4210E-001   0.000071
   429        3.160000 6301.0  4.1545992E+09          1.5000   0.00052000   0.04031000  1.1988267  8.4140E-001   0.000069
   430        3.190000 6298.0  4.1948937E+09          1.5000   0.00053000   0.04008000  1.1988198  8.4090E-001   0.000074
   433        3.280000 6288.0  4.3157774E+09          1.5300   0.00053000   0.03941000  1.1987954  8.3960E-001   0.000080
   434        3.310000 6285.0  4.3560720E+09          1.5400   0.00054000   0.03918000  1.1987771  8.3860E-001   0.000084
   436        3.370000 6277.0  4.4366611E+09          1.5600   0.00055000   0.03872000  1.1987537  8.3760E-001   0.000089
   437        3.400000 6273.0  4.4769557E+09          1.5700   0.00056000   0.03850000  1.1987302  8.3650E-001   0.000089
   438        3.440000 6269.0  4.5172503E+09          1.5800   0.00056000   0.03827000  1.1987184  8.3610E-001   0.000096
   439        3.470000 6264.0  4.5575448E+09          1.5900   0.00058000   0.03804000  1.1986830  8.3460E-001   0.000102
   440        3.510000 6259.0  4.5978394E+09          1.6000   0.00058000   0.03782000  1.1986696  8.3420E-001   0.000105
   441        3.550000 6254.0  4.6381340E+09          1.6100   0.00061000   0.03758000  1.1986296  8.3260E-001   0.000111
   442        3.590000 6248.0  4.6784285E+09          1.6200   0.00061000   0.03737000  1.1986027  8.3180E-001   0.000116
   443        3.620000 6242.0  4.7187231E+09          1.6300   0.00062000   0.03715000  1.1985593  8.3020E-001   0.000123
   444        3.660000 6235.0  4.7590177E+09          1.6400   0.00064000   0.03693000  1.1985194  8.2890E-001   0.000129
   445        3.710000 6229.0  4.7993122E+09          1.6600   0.00066000   0.03672000  1.1984729  8.2750E-001   0.000139
   446        3.750000 6221.0  4.8396068E+09          1.6700   0.00068000   0.03650000  1.1984097  8.2560E-001   0.000149
   447        3.790000 6213.0  4.8799014E+09          1.6800   0.00071000   0.03629000  1.1983514  8.2410E-001   0.000159
   448        3.840000 6205.0  4.9201959E+09          1.7000   0.00073000   0.03609000  1.1983001  8.2300E-001   0.000170
   449        3.880000 6196.0  4.9604905E+09          1.7100   0.00076000   0.03590000  1.1981989  8.2020E-001   0.000186
   450        3.930000 6186.0  5.0007851E+09          1.7300   0.00081000   0.03571000  1.1980985  8.1770E-001   0.000206
   451        3.980000 6176.0  5.0410796E+09          1.7500   0.00084000   0.03554000  1.1979948  8.1530E-001   0.000227
   452        4.030000 6164.0  5.0813742E+09          1.7600   0.00090000   0.03536000  1.1978872  8.1330E-001   0.000245
   453        4.080000 6151.0  5.1216688E+09          1.7800   0.00095000   0.03521000  1.1977536  8.1070E-001   0.000273
   454        4.130000 6138.0  5.1619633E+09          1.8000   0.00101000   0.03507000  1.1975318  8.0620E-001   0.000315
   455        4.180000 6123.0  5.2022579E+09          1.8200   0.00109000   0.03493000  1.1973364  8.0300E-001   0.000356
   456        4.230000 6106.0  5.2425525E+09          1.8400   0.00119000   0.03483000  1.1970957  7.9920E-001   0.000406
   457        4.290000 6088.0  5.2828470E+09          1.8700   0.00130000   0.03475000  1.1967801  7.9440E-001   0.000480
   458        4.340000 6068.0  5.3231416E+09          1.8900   0.00145000   0.03469000  1.1963963  7.8920E-001   0.000562
   459        4.400000 6045.0  5.3634362E+09          1.9200   0.00163000   0.03468000  1.1959249  7.8360E-001   0.000676
   460        4.450000 6020.0  5.4037307E+09          1.9500   0.00187000   0.03469000  1.1953011  7.7680E-001   0.000810
   461        4.510000 5992.0  5.4440253E+09          1.9800   0.00216000   0.03481000  1.1944712  7.6890E-001   0.001014
   462        4.550000 5958.0  5.4843199E+09          2.0100   0.00257000   0.03497000  1.1933889  7.6020E-001   0.001313
   463        4.600000 5921.0  5.5246144E+09          2.0400   0.00310000   0.03526000  1.1915925  7.4820E-001   0.001767
   464        4.630000 5875.0  5.5649090E+09          2.0800   0.00388000   0.03567000  1.1891547  7.3460E-001   0.002431
   465        4.640000 5820.0  5.6052036E+09          2.1300   0.00510000   0.03624000  1.1855358  7.1930E-001   0.003431
   466        4.630000 5750.0  5.6454981E+09          2.1700   0.00709000   0.03697000  1.1790666  6.9740E-001   0.005236
   467        4.560000 5662.0  5.6857927E+09          2.2300   0.01043000   0.03799000  1.1678225  6.7190E-001   0.008350
   468        4.410000 5546.0  5.7260873E+09          2.2800   0.01658000   0.03911000  1.1463193  6.4010E-001   0.013980
   469        4.160000 5402.0  5.7663818E+09          2.3400   0.02927000   0.03816000  1.0952784  5.8480E-001   0.024576
   470        3.910000 5244.0  5.8066764E+09          2.4000   0.04850000   0.03513000  1.0108017  5.3230E-001   0.038492
   471        3.790000 5104.0  5.8469710E+09          2.5000   0.07183000   0.02890000  0.8959176  4.8070E-001   0.053991
   472        5.260000 4869.0  6.0100831E+09          3.2300   0.12691000   0.00510000  0.4662272  2.8360E-001   0.050516
   473        7.290000 4813.0  6.1090953E+09          3.9000   0.13478000   0.00121000  0.3346089  1.9400E-001   0.022126
   474       10.100000 4762.0  6.1868605E+09          4.6900   0.13612000   0.00035000  0.2808784  1.3920E-001   0.009038
   475       14.010000 4703.0  6.2456940E+09          5.6600   0.13505000   0.00012000  0.2617054  1.0640E-001   0.004483
   476       19.410000 4635.0  6.2896428E+09          6.8600   0.13283000   0.00005000  0.2565021  8.4610E-002   0.002609
   477       26.910000 4562.0  6.3226598E+09          8.3400   0.13001000   0.00002000  0.2576088  6.8840E-002   0.001673
   478       37.300000 4482.0  6.3482661E+09         10.1800   0.12682000   0.00001000  0.2619241  5.6970E-002   0.001170
   479       51.710000 4406.0  6.3944901E+09         12.4100   0.12073000   0.00001000  0.2833617  5.1880E-002   0.001251
   480       71.680000 4317.0  6.4096573E+09         15.2400   0.11700000   0.00000000  0.2908557  4.3900E-002   0.000986
   481       99.360000 4226.0  6.4212950E+09         18.7400   0.11295000   0.00000000  0.2999406  3.7210E-002   0.000783
   482      137.720000 4133.0  6.4301150E+09         23.0900   0.10865000   0.00000000  0.3103469  3.1930E-002   0.000662
   483      190.910000 4038.0  6.4368100E+09         28.5200   0.10417000   0.00000000  0.3217665  2.7060E-002   0.000529
   484      264.630000 3941.0  6.4419398E+09         35.3000   0.09957000   0.00000000  0.3344188  2.2800E-002   0.000412
   485      366.820000 3842.0  6.4458996E+09         43.8300   0.09494000   0.00000000  0.3484229  1.9190E-002   0.000321
   486      508.480000 3741.0  6.4489808E+09         54.5600   0.09041000   0.00000000  0.3638433  1.5690E-002   0.000217
   487      704.830000 3635.0  6.4514170E+09         68.2200   0.08613000   0.00000000  0.3812643  1.2720E-002   0.000142
   488      977.010000 3522.0  6.4533526E+09         85.9100   0.08232000   0.00000000  0.4008748  1.0080E-002   0.000085
   489     1354.300000 3400.0  6.4549041E+09        109.1400   0.07930000   0.00000000  0.4230601  7.9320E-003   0.000050
   490     1877.290000 3271.0  6.4561689E+09        139.9500   0.07748000   0.00000000  0.4484213  6.0340E-003   0.000025
   491     2602.230000 3136.0  6.4572201E+09        181.1300   0.07728000   0.00000000  0.4779916  4.5390E-003   0.000012
