 mod L/Lsol Teff t (year) Reff/Rsol k2conv k2rad Mrad/Msol Rrad/Rsol 1/Qs Mstar Indice_BGM
0.865
    1  17.444626 4160.1  1.0052002E+05  8.4989   0.18613820   0.00000000  0.0000000  0.0000E+000   0.000000     0.8650    33220
    2   1.499573 4293.3  1.2366560E+06  2.2268   0.20049940   0.00000609  0.0009891  1.1270E-002   0.000000     0.8650    33220
    3   0.821854 4222.0  2.3727202E+06  1.6988   0.20173761   0.00028245  0.0175325  1.3975E-001   0.000088     0.8650    33220
    4   0.610501 4177.1  3.5088598E+06  1.4926   0.19935960   0.00293359  0.0893894  2.6744E-001   0.001923     0.8650    33220
    5   0.497650 4143.0  4.6449570E+06  1.3728   0.19378753   0.00801954  0.1634778  3.3627E-001   0.004840     0.8650    33220
    6   0.433917 4123.3  5.7810695E+06  1.2904   0.18689266   0.01385680  0.2246318  3.8046E-001   0.007350     0.8650    33220
    7   0.391864 4109.9  6.9171730E+06  1.2341   0.18009874   0.01929483  0.2735643  4.1130E-001   0.009125     0.8650    33220
    8   0.362966 4102.9  8.0533005E+06  1.1931   0.17318176   0.02460599  0.3152458  4.3530E-001   0.010341     0.8650    33220
    9   0.339126 4102.8  9.1893540E+06  1.1544   0.16614813   0.02978913  0.3535633  4.5606E-001   0.011201     0.8650    33220
   10   0.320667 4103.2  1.0325492E+07  1.1255   0.15913864   0.03473321  0.3880643  4.7384E-001   0.011702     0.8650    33220
   11   0.309856 4106.6  1.1461596E+07  1.1015   0.15214872   0.03947702  0.4202400  4.8985E-001   0.011947     0.8650    33220
   12   0.298504 4116.1  1.2597700E+07  1.0781   0.14521669   0.04398568  0.4492005  5.0367E-001   0.011967     0.8650    33220
   13   0.289225 4126.5  1.3733799E+07  1.0583   0.13845721   0.04817998  0.4771869  5.1683E-001   0.011828     0.8650    33220
   14   0.288145 4144.1  1.4869930E+07  1.0406   0.13187155   0.05206344  0.5022252  5.2823E-001   0.011554     0.8650    33220
   15   0.283345 4158.1  1.6005998E+07  1.0238   0.12534931   0.05575758  0.5257178  5.3873E-001   0.011177     0.8650    33220
   16   0.278523 4177.5  1.7142140E+07  1.0120   0.11906108   0.05909863  0.5478203  5.4859E-001   0.010760     0.8650    33220
   17   0.278414 4199.6  1.8278236E+07  1.0005   0.11295116   0.06216776  0.5691630  5.5807E-001   0.010281     0.8650    33220
   18   0.278764 4225.4  1.9414340E+07  0.9905   0.10699569   0.06497254  0.5880800  5.6606E-001   0.009784     0.8650    33220
   19   0.281154 4250.2  2.0550452E+07  0.9805   0.10116203   0.06757524  0.6062264  5.7390E-001   0.009262     0.8650    33220
   20   0.281741 4278.1  2.1686562E+07  0.9714   0.09554306   0.06987099  0.6234842  5.8133E-001   0.008728     0.8650    33220
   21   0.288155 4308.2  2.2822646E+07  0.9626   0.09014301   0.07187246  0.6401753  5.8863E-001   0.008178     0.8650    33220
   22   0.291119 4340.9  2.3958802E+07  0.9582   0.08487386   0.07367726  0.6554491  5.9512E-001   0.007693     0.8650    33220
   23   0.294914 4373.4  2.5094860E+07  0.9506   0.07983118   0.07518337  0.6697174  6.0132E-001   0.007176     0.8650    33220
   24   0.303605 4409.6  2.6230988E+07  0.9428   0.07482598   0.07649089  0.6839899  6.0759E-001   0.006638     0.8650    33220
   25   0.309143 4448.8  2.7367094E+07  0.9403   0.06987153   0.07757515  0.6976002  6.1364E-001   0.006179     0.8650    33220
   26   0.319108 4492.8  2.8503198E+07  0.9328   0.06498031   0.07841813  0.7108823  6.1967E-001   0.005653     0.8650    33220
   27   0.331363 4541.9  2.9639306E+07  0.9306   0.06001911   0.07906137  0.7239715  6.2571E-001   0.005194     0.8650    33220
   28   0.343282 4595.9  3.0775420E+07  0.9229   0.05516281   0.07944313  0.7367593  6.3183E-001   0.004666     0.8650    33220
   29   0.357036 4651.5  3.1911468E+07  0.9219   0.05054042   0.07956824  0.7486222  6.3765E-001   0.004251     0.8650    33220
   30   0.371187 4710.9  3.3047624E+07  0.9185   0.04618776   0.07944983  0.7596724  6.4339E-001   0.003828     0.8650    33220
   31   0.389571 4773.2  3.4183712E+07  0.9120   0.04211338   0.07912112  0.7699096  6.4903E-001   0.003397     0.8650    33220
   32   0.405025 4832.5  3.5319816E+07  0.9099   0.03831269   0.07861862  0.7792342  6.5445E-001   0.003048     0.8650    33220
   33   0.424483 4898.1  3.6455920E+07  0.9082   0.03479031   0.07797506  0.7878040  6.5992E-001   0.002728     0.8650    33220
   34   0.440403 4958.0  3.7592060E+07  0.9003   0.03154219   0.07721759  0.7955802  6.6531E-001   0.002376     0.8650    33220
   35   0.461877 5019.0  3.8728128E+07  0.8993   0.02856000   0.07642071  0.8026467  6.7073E-001   0.002118     0.8650    33220
   36   0.476929 5081.3  3.9864288E+07  0.8917   0.02586666   0.07561187  0.8091244  6.7624E-001   0.001822     0.8650    33220
   37   0.493432 5135.0  4.1000364E+07  0.8874   0.02345380   0.07487683  0.8146706  6.8155E-001   0.001594     0.8650    33220
   38   0.505669 5189.7  4.2136464E+07  0.8797   0.02134832   0.07431322  0.8195999  6.8698E-001   0.001361     0.8650    33220
   39   0.513574 5233.2  4.3272584E+07  0.8741   0.01958630   0.07402812  0.8237303  6.9226E-001   0.001177     0.8650    33220
   40   0.514422 5266.6  4.4408704E+07  0.8641   0.01819613   0.07411008  0.8269423  6.9706E-001   0.000994     0.8650    33220
   41   0.512761 5288.4  4.5544788E+07  0.8541   0.01719430   0.07457308  0.8293095  7.0134E-001   0.000842     0.8650    33220
   42   0.505234 5298.6  4.6680920E+07  0.8438   0.01656247   0.07533105  0.8308236  7.0482E-001   0.000717     0.8650    33220
   43   0.492537 5303.8  4.7816976E+07  0.8321   0.01613194   0.07633929  0.8318996  7.0804E-001   0.000595     0.8650    33220
   44   0.480203 5300.1  4.8953104E+07  0.8213   0.01587272   0.07750916  0.8325967  7.1088E-001   0.000493     0.8650    33220
   45   0.464909 5290.2  5.0089216E+07  0.8108   0.01574503   0.07876741  0.8329867  7.1329E-001   0.000402     0.8650    33220
   46   0.446811 5278.5  5.1225308E+07  0.8005   0.01572199   0.08002079  0.8331615  7.1541E-001   0.000320     0.8650    33220
   47   0.434949 5265.2  5.2361464E+07  0.7918   0.01577000   0.08120047  0.8331472  7.1710E-001   0.000255     0.8650    33220
   48   0.420430 5252.2  5.3497556E+07  0.7875   0.01587391   0.08225418  0.8330187  7.1845E-001   0.000223     0.8650    33220
   49   0.409889 5235.9  5.4633640E+07  0.7790   0.01600847   0.08315172  0.8328234  7.1945E-001   0.000169     0.8650    33220
   50   0.401242 5224.6  5.5769780E+07  0.7722   0.01614430   0.08389164  0.8325903  7.2019E-001   0.000130     0.8650    33220
   51   0.391823 5211.9  5.6905924E+07  0.7712   0.01628278   0.08447488  0.8323426  7.2065E-001   0.000124     0.8650    33220
   52   0.384868 5203.1  5.8041944E+07  0.7683   0.01640916   0.08492100  0.8321073  7.2095E-001   0.000109     0.8650    33220
   53   0.383843 5198.6  5.9178096E+07  0.7630   0.01652192   0.08524942  0.8318882  7.2111E-001   0.000084     0.8650    33220
   54   0.379429 5189.2  6.0314168E+07  0.7618   0.01661788   0.08549371  0.8317035  7.2119E-001   0.000079     0.8650    33220
   55   0.375598 5186.4  6.1450320E+07  0.7617   0.01670432   0.08566079  0.8315219  7.2114E-001   0.000078     0.8650    33220
   56   0.374335 5180.3  6.2586432E+07  0.7602   0.01678319   0.08577602  0.8313728  7.2108E-001   0.000072     0.8650    33220
   57   0.373019 5179.6  6.3722552E+07  0.7602   0.01684696   0.08585905  0.8312388  7.2098E-001   0.000073     0.8650    33220
   58   0.373019 5178.8  6.4858640E+07  0.7602   0.01690363   0.08590876  0.8311105  7.2085E-001   0.000074     0.8650    33220
   59   0.373019 5174.0  6.5994768E+07  0.7603   0.01695191   0.08594380  0.8310035  7.2074E-001   0.000075     0.8650    33220
   60   0.373019 5173.5  6.7130816E+07  0.7620   0.01699910   0.08596554  0.8308969  7.2057E-001   0.000083     0.8650    33220
   61   0.373019 5168.4  6.8266936E+07  0.7620   0.01704483   0.08597417  0.8308084  7.2044E-001   0.000084     0.8650    33220
   62   0.373019 5168.4  6.9403072E+07  0.7620   0.01708060   0.08597805  0.8307225  7.2031E-001   0.000084     0.8650    33220
   63   0.373019 5168.4  7.0539136E+07  0.7621   0.01711677   0.08597530  0.8306418  7.2018E-001   0.000086     0.8650    33220
   64   0.373019 5168.4  7.1675232E+07  0.7637   0.01714600   0.08597320  0.8305681  7.2004E-001   0.000094     0.8650    33220
   65   0.373019 5168.4  7.2811384E+07  0.7637   0.01717754   0.08596228  0.8305105  7.1997E-001   0.000094     0.8650    33220
   66   0.373019 5168.4  7.3947448E+07  0.7637   0.01720389   0.08595061  0.8304366  7.1982E-001   0.000095     0.8650    33220
   67   0.373019 5168.4  7.5083592E+07  0.7637   0.01723482   0.08593851  0.8303771  7.1967E-001   0.000096     0.8650    33220
   68   0.373019 5168.4  7.6219696E+07  0.7640   0.01725648   0.08592619  0.8303264  7.1960E-001   0.000098     0.8650    33220
   69   0.373019 5167.4  7.7355744E+07  0.7640   0.01727719   0.08591156  0.8302749  7.1945E-001   0.000099     0.8650    33220
   70   0.373019 5166.9  7.8491840E+07  0.7640   0.01729813   0.08589247  0.8302318  7.1938E-001   0.000099     0.8650    33220
   71   0.373019 5166.9  7.9628000E+07  0.7640   0.01732314   0.08586895  0.8301806  7.1928E-001   0.000100     0.8650    33220
   72   0.373019 5166.9  8.0764120E+07  0.7641   0.01734404   0.08584245  0.8301442  7.1921E-001   0.000100     0.8650    33220
   73   0.373031 5166.9  8.1900256E+07  0.7646   0.01735378   0.08581641  0.8301134  7.1912E-001   0.000103     0.8650    33220
   74   0.373152 5166.9  8.3036328E+07  0.7681   0.01735950   0.08579682  0.8301027  7.1907E-001   0.000121     0.8650    33220
   75   0.373152 5167.0  8.4172448E+07  0.7681   0.01736304   0.08577280  0.8300718  7.1894E-001   0.000122     0.8650    33220
   76   0.373152 5167.4  8.5308560E+07  0.7681   0.01736865   0.08575089  0.8300651  7.1892E-001   0.000122     0.8650    33220
   77   0.373152 5167.4  8.6444624E+07  0.7682   0.01737123   0.08573092  0.8300638  7.1891E-001   0.000123     0.8650    33220
   78   0.373291 5167.4  8.7580728E+07  0.7690   0.01737490   0.08571372  0.8300538  7.1887E-001   0.000127     0.8650    33220
   79   0.374727 5167.4  8.8716856E+07  0.7690   0.01737639   0.08570287  0.8300177  7.1878E-001   0.000127     0.8650    33220
   80   0.374727 5167.4  8.9852928E+07  0.7690   0.01738083   0.08569232  0.8300005  7.1874E-001   0.000128     0.8650    33220
   81   0.374727 5167.4  9.0989056E+07  0.7690   0.01738669   0.08568337  0.8299982  7.1874E-001   0.000128     0.8650    33220
   82   0.374727 5167.4  9.2125184E+07  0.7690   0.01739003   0.08567559  0.8299869  7.1870E-001   0.000128     0.8650    33220
   83   0.374727 5167.4  9.3261264E+07  0.7691   0.01739240   0.08566416  0.8299848  7.1870E-001   0.000128     0.8650    33220
   84   0.374727 5167.4  9.4397360E+07  0.7698   0.01740009   0.08565531  0.8299846  7.1870E-001   0.000132     0.8650    33220
   85   0.374727 5167.4  9.5533552E+07  0.7698   0.01740650   0.08564775  0.8299821  7.1869E-001   0.000132     0.8650    33220
   86   0.374727 5167.4  9.6669632E+07  0.7698   0.01740796   0.08564208  0.8299809  7.1869E-001   0.000132     0.8650    33220
   87   0.374727 5167.4  9.7805680E+07  0.7698   0.01741167   0.08563514  0.8299696  7.1868E-001   0.000132     0.8650    33220
   88   0.374727 5167.4  9.8941824E+07  0.7698   0.01741342   0.08562910  0.8299647  7.1867E-001   0.000132     0.8650    33220
   89   0.374727 5167.4  1.0007798E+08  0.7698   0.01741659   0.08562586  0.8299111  7.1858E-001   0.000133     0.8650    33220
   90   0.374727 5167.4  1.0121397E+08  0.7698   0.01742120   0.08562092  0.8298811  7.1850E-001   0.000133     0.8650    33220
   91   0.374727 5167.4  1.0235026E+08  0.7698   0.01742840   0.08561834  0.8298811  7.1850E-001   0.000133     0.8650    33220
   92   0.374727 5167.4  1.0348611E+08  0.7698   0.01743009   0.08561645  0.8298811  7.1850E-001   0.000133     0.8650    33220
   93   0.374727 5167.4  1.0462241E+08  0.7698   0.01743600   0.08561496  0.8298811  7.1850E-001   0.000133     0.8650    33220
   94   0.374854 5167.4  1.0575840E+08  0.7698   0.01743997   0.08560695  0.8298794  7.1850E-001   0.000133     0.8650    33220
   95   0.376176 5166.9  1.0689453E+08  0.7698   0.01744470   0.08560663  0.8298625  7.1846E-001   0.000134     0.8650    33220
   96   0.376176 5166.9  1.0803075E+08  0.7698   0.01744920   0.08560254  0.8298625  7.1846E-001   0.000134     0.8650    33220
   97   0.376176 5166.9  1.0916683E+08  0.7698   0.01745561   0.08559469  0.8298625  7.1846E-001   0.000134     0.8650    33220
   98   0.376176 5166.9  1.1030299E+08  0.7698   0.01745822   0.08559242  0.8298625  7.1846E-001   0.000134     0.8650    33220
   99   0.376176 5166.9  1.1143898E+08  0.7698   0.01746464   0.08559131  0.8298625  7.1846E-001   0.000134     0.8650    33220
  100   0.376176 5166.9  1.1257505E+08  0.7698   0.01746727   0.08558313  0.8298625  7.1846E-001   0.000134     0.8650    33220
  101   0.376179 5166.9  1.1371122E+08  0.7698   0.01747370   0.08558104  0.8298620  7.1846E-001   0.000134     0.8650    33220
  102   0.381237 5158.5  2.8404445E+08  0.7737   0.01784470   0.08518697  0.8289590  7.1654E-001   0.000169     0.8650    33220
  103   0.383448 5160.8  4.5932880E+08  0.7781   0.01790382   0.08484363  0.8287819  7.1581E-001   0.000201     0.8650    33220
  104   0.386554 5163.2  6.3649901E+08  0.7798   0.01788362   0.08453654  0.8287765  7.1543E-001   0.000214     0.8650    33220
  105   0.386985 5168.4  8.1431667E+08  0.7802   0.01785091   0.08423240  0.8288047  7.1506E-001   0.000218     0.8650    33220
  106   0.392613 5170.4  9.9236774E+08  0.7802   0.01780758   0.08393557  0.8288851  7.1491E-001   0.000219     0.8649    33220
  107   0.396968 5179.8  1.1704008E+09  0.7837   0.01775844   0.08364677  0.8289534  7.1465E-001   0.000243     0.8649    33220
  108   0.397470 5180.3  1.3485279E+09  0.7840   0.01771215   0.08335356  0.8290276  7.1441E-001   0.000246     0.8649    33220
  109   0.398020 5185.5  1.5264829E+09  0.7842   0.01765721   0.08307017  0.8291010  7.1415E-001   0.000249     0.8649    33220
  110   0.405823 5190.8  1.7043987E+09  0.7898   0.01759779   0.08278655  0.8291914  7.1397E-001   0.000287     0.8649    33220
  111   0.406538 5192.2  1.8821920E+09  0.7898   0.01754392   0.08250348  0.8293015  7.1381E-001   0.000287     0.8649    33220
  112   0.408081 5197.9  2.0598071E+09  0.7902   0.01748127   0.08221512  0.8293732  7.1359E-001   0.000290     0.8649    33220
  113   0.411749 5203.2  2.2373519E+09  0.7902   0.01742638   0.08192936  0.8294786  7.1338E-001   0.000291     0.8648    33220
  114   0.416741 5207.2  2.4145454E+09  0.7937   0.01736440   0.08164953  0.8295668  7.1317E-001   0.000316     0.8648    33220
  115   0.417270 5214.5  2.5917284E+09  0.7950   0.01730851   0.08135713  0.8296667  7.1301E-001   0.000325     0.8648    33220
  116   0.421903 5215.2  2.7686154E+09  0.7950   0.01724706   0.08107930  0.8297646  7.1280E-001   0.000325     0.8648    33220
  117   0.422397 5219.2  2.9454426E+09  0.7989   0.01718399   0.08078702  0.8298853  7.1267E-001   0.000353     0.8648    33220
  118   0.427526 5226.6  3.1220516E+09  0.7998   0.01712530   0.08049776  0.8299499  7.1238E-001   0.000360     0.8648    33220
  119   0.431176 5228.3  3.2984404E+09  0.8002   0.01706122   0.08020794  0.8300426  7.1217E-001   0.000363     0.8648    33220
  120   0.432090 5236.4  3.4747159E+09  0.8037   0.01700407   0.07991494  0.8301654  7.1204E-001   0.000387     0.8648    33220
  121   0.439122 5239.1  3.6508352E+09  0.8050   0.01693812   0.07962357  0.8302663  7.1184E-001   0.000397     0.8647    33220
  122   0.441893 5240.3  3.8266857E+09  0.8050   0.01687648   0.07932873  0.8303568  7.1161E-001   0.000397     0.8647    33220
  123   0.442269 5250.7  4.0024369E+09  0.8089   0.01681226   0.07903286  0.8304635  7.1142E-001   0.000425     0.8647    33220
  124   0.444341 5252.4  4.1780037E+09  0.8098   0.01675495   0.07873184  0.8305662  7.1123E-001   0.000431     0.8647    33220
  125   0.451953 5252.4  4.3534351E+09  0.8118   0.01669086   0.07843812  0.8306693  7.1110E-001   0.000446     0.8647    33220
  126   0.453034 5262.3  4.5286093E+09  0.8146   0.01662504   0.07814278  0.8307596  7.1079E-001   0.000466     0.8647    33220
  127   0.456163 5264.3  4.7037512E+09  0.8150   0.01656338   0.07782997  0.8308735  7.1065E-001   0.000468     0.8647    33220
  128   0.462815 5269.3  4.8785480E+09  0.8150   0.01650181   0.07752723  0.8309630  7.1042E-001   0.000468     0.8646    33220
  129   0.464787 5275.5  5.0533340E+09  0.8150   0.01643428   0.07722268  0.8310574  7.1014E-001   0.000469     0.8646    33220
  130   0.466947 5276.5  5.2279721E+09  0.8189   0.01637384   0.07691257  0.8311682  7.0998E-001   0.000496     0.8646    33220
  131   0.471737 5281.9  5.4023301E+09  0.8228   0.01631462   0.07660415  0.8312747  7.0978E-001   0.000523     0.8646    33220
  132   0.476797 5287.7  5.5766717E+09  0.8250   0.01625060   0.07628755  0.8313611  7.0948E-001   0.000539     0.8646    33220
  133   0.476933 5293.6  5.7508654E+09  0.8250   0.01618162   0.07597666  0.8314990  7.0940E-001   0.000537     0.8646    33220
  134   0.483658 5297.8  5.9249551E+09  0.8250   0.01611958   0.07566006  0.8315681  7.0906E-001   0.000538     0.8645    33220
  135   0.485796 5299.9  6.0989015E+09  0.8306   0.01605341   0.07534604  0.8316816  7.0890E-001   0.000576     0.8645    33220
  136   0.489394 5305.7  6.2727875E+09  0.8328   0.01598784   0.07502905  0.8317875  7.0867E-001   0.000591     0.8645    33220
  137   0.496537 5310.0  6.4464476E+09  0.8350   0.01592555   0.07470480  0.8318778  7.0836E-001   0.000607     0.8645    33220
  138   0.497882 5316.9  6.6200146E+09  0.8350   0.01585872   0.07438266  0.8320100  7.0826E-001   0.000605     0.8645    33220
  139   0.507470 5321.8  6.7703071E+09  0.8407   0.01574421   0.07376758  0.8321626  7.0771E-001   0.000644     0.8644    33220
